Tiktok 36.72052
Camera: -0.1110847 1.298862 -0.1503185 0.05723806 -0.01194195 0.0244517 -0.9979897 36.72052
Camera: -0.1110613 1.299059 -0.150358 0.05793377 -0.01169331 0.0249629 -0.9979398 36.76244
Camera: -0.1109292 1.299338 -0.1506 0.05912994 -0.01169468 0.02586653 -0.9978466 36.81902
Camera: -0.1108542 1.299323 -0.1506259 0.05996836 -0.01148294 0.02595296 -0.9977968 36.86153
Camera: -0.110314 1.299252 -0.1501873 0.06019858 -0.01143503 0.02564012 -0.9977916 36.9027
Camera: -0.1103184 1.299254 -0.1503548 0.05983792 -0.01167984 0.02630736 -0.9977931 36.93827
Camera: -0.1102777 1.299048 -0.1503263 0.05886356 -0.01172804 0.02695029 -0.9978333 36.9917
Camera: -0.1103509 1.29886 -0.1502492 0.05837576 -0.01176771 0.02726405 -0.997853 37.036
Camera: -0.11021 1.29847 -0.150242 0.05754673 -0.01162457 0.02694925 -0.9979113 37.07198
Camera: -0.1102397 1.298644 -0.1502217 0.05726961 -0.01187108 0.02692237 -0.9979251 37.12375
Camera: -0.1101233 1.298642 -0.1500684 0.05742319 -0.01195783 0.02634056 -0.9979308 37.16397
Camera: -0.1102163 1.298586 -0.1498962 0.05737177 -0.0121724 0.02576261 -0.9979461 37.20838
Camera: -0.110265 1.298493 -0.1499393 0.05721186 -0.01209294 0.02613824 -0.9979466 37.25753
Camera: -0.1104479 1.298592 -0.1499499 0.05735076 -0.01195545 0.02602109 -0.9979433 37.29741
Camera: -0.1106245 1.298817 -0.149716 0.05753789 -0.01176483 0.02614117 -0.9979317 37.33829
Camera: -0.1107622 1.298861 -0.1496317 0.05821652 -0.01198586 0.02596406 -0.9978943 37.37532
Camera: -0.1107867 1.298663 -0.1494927 0.05848698 -0.01177862 0.02594673 -0.9978814 37.41852
Camera: -0.1109436 1.298651 -0.1493371 0.05803806 -0.01164412 0.02595002 -0.9979091 37.46928
Camera: -0.1111052 1.29844 -0.1489437 0.05782619 -0.0109068 0.02586112 -0.9979321 37.51502
Camera: -0.1112076 1.298409 -0.1488358 0.05761774 -0.0108708 0.02565738 -0.9979498 37.55525
Camera: -0.111389 1.298436 -0.1486593 0.05762461 -0.01145355 0.0254342 -0.9979486 37.61451
Camera: -0.1116446 1.298242 -0.1481657 0.05746894 -0.01181978 0.02374562 -0.9979949 37.66016
Camera: -0.1119336 1.298436 -0.1482415 0.05779645 -0.0119855 0.02417188 -0.9979637 37.70534
Camera: -0.1121432 1.298228 -0.1475928 0.05682636 -0.0113532 0.02412731 -0.9980279 37.75901
Camera: -0.1123752 1.297797 -0.1475241 0.05592135 -0.01163034 0.02425673 -0.9980727 37.79858
Camera: -0.1117461 1.297271 -0.1467685 0.05356598 -0.01315743 0.02433144 -0.9981811 37.84287
Camera: -0.1113267 1.296981 -0.1467455 0.05169981 -0.01466435 0.02445487 -0.9982556 37.89597
Camera: -0.1097853 1.296076 -0.1462025 0.04720215 -0.01957161 0.02584676 -0.9983591 37.9375
Camera: -0.1086864 1.295498 -0.1461482 0.04357542 -0.02287268 0.02637272 -0.99844 37.99553
Camera: -0.106681 1.293776 -0.1460648 0.03409643 -0.02935441 0.02687067 -0.9986259 38.03949
Camera: -0.1054626 1.293263 -0.1459401 0.03046638 -0.0342532 0.02617699 -0.9986057 38.07679
Camera: -0.1045592 1.292606 -0.1458305 0.02760204 -0.03910222 0.0255414 -0.9985273 38.13332
Camera: -0.1024491 1.292062 -0.1459198 0.02575903 -0.04667902 0.02587025 -0.9982426 38.16943
Camera: -0.1017345 1.292324 -0.1457575 0.02701399 -0.04900341 0.02763286 -0.9980508 38.20865
Camera: -0.1012581 1.292485 -0.1458118 0.02826547 -0.05041975 0.02920474 -0.9979008 38.25223
Camera: -0.1008386 1.292602 -0.1458441 0.02838121 -0.05045894 0.02989044 -0.9978753 38.30072
Camera: -0.1011035 1.292902 -0.145784 0.02932177 -0.04788013 0.03080827 -0.9979472 38.34033
Camera: -0.1013316 1.292956 -0.1457002 0.02999517 -0.04570002 0.03074642 -0.9980313 38.38324
Camera: -0.1017781 1.293033 -0.1456336 0.03046111 -0.04441135 0.03066066 -0.998078 38.43254
Camera: -0.1023608 1.293196 -0.1455462 0.03202594 -0.04404056 0.02963046 -0.9980766 38.47308
Camera: -0.1026811 1.293236 -0.1454537 0.03234298 -0.0442603 0.02928183 -0.9980669 38.51348
Camera: -0.1028836 1.293141 -0.1452583 0.03177298 -0.04490389 0.02881979 -0.9980699 38.54948
Camera: -0.1031968 1.293093 -0.1453149 0.03128286 -0.04528316 0.02872383 -0.9980711 38.59155
Camera: -0.1033987 1.292977 -0.1451238 0.03084772 -0.04493075 0.02835013 -0.9981112 38.64088
Camera: -0.1040282 1.29309 -0.145141 0.03078584 -0.04392663 0.02775482 -0.9981745 38.68282
Camera: -0.104386 1.292997 -0.1452081 0.03140577 -0.04355369 0.02727424 -0.9981848 38.72335
Camera: -0.1045919 1.292994 -0.1454003 0.0318374 -0.043271 0.02667323 -0.9981997 38.77983
Camera: -0.1049394 1.29343 -0.1456919 0.03311784 -0.04301899 0.02618079 -0.9981819 38.82365
Camera: -0.105052 1.293551 -0.1457641 0.03402784 -0.04243397 0.0261217 -0.9981779 38.86389
Camera: -0.1055906 1.294171 -0.1462542 0.03667448 -0.04100625 0.02606466 -0.9981453 38.91543
Camera: -0.1058407 1.294311 -0.1464059 0.03800124 -0.0403406 0.02538455 -0.9981404 38.9544
Camera: -0.1062568 1.294543 -0.1466361 0.03936901 -0.03982607 0.02483035 -0.998122 38.99726
Camera: -0.1066324 1.295072 -0.1475439 0.04217592 -0.03871033 0.0238136 -0.998076 39.04843
Camera: -0.1067205 1.295402 -0.1477066 0.04360719 -0.03833458 0.02402708 -0.9980239 39.09031
Camera: -0.1068422 1.29615 -0.148218 0.04789517 -0.03805546 0.02422648 -0.9978331 39.14901
Camera: -0.1067716 1.296775 -0.1486048 0.04970832 -0.0380799 0.02373125 -0.9977554 39.18983
Camera: -0.1068693 1.296959 -0.1488661 0.0513295 -0.03861455 0.02395174 -0.9976475 39.2346
Camera: -0.1066543 1.29749 -0.1495177 0.0539791 -0.03920036 0.02294886 -0.9975084 39.28728
Camera: -0.1063579 1.297859 -0.149276 0.0549312 -0.03930455 0.02321247 -0.9974462 39.32313
Camera: -0.1064384 1.297903 -0.1497921 0.05548374 -0.03875237 0.02315449 -0.9974385 39.36407
Camera: -0.1067734 1.297686 -0.1505758 0.05639783 -0.03852884 0.02339365 -0.9973904 39.40795
Camera: -0.1066577 1.29802 -0.1506257 0.05751611 -0.03896431 0.02375556 -0.997301 39.45698
Camera: -0.1066436 1.298259 -0.1506233 0.05802184 -0.03936473 0.02396476 -0.997251 39.49725
Camera: -0.1065971 1.298197 -0.1504622 0.05838174 -0.03889095 0.02449424 -0.9972358 39.541
Camera: -0.1066879 1.298236 -0.1502172 0.05885322 -0.03804564 0.02451442 -0.9972401 39.58978
Camera: -0.1066378 1.29829 -0.150237 0.05824636 -0.03771658 0.02413496 -0.9972975 39.63086
Camera: -0.1066658 1.29827 -0.1496004 0.05720053 -0.03782136 0.02396765 -0.9973581 39.67487
Camera: -0.1070488 1.298172 -0.1496448 0.05655643 -0.03823679 0.02356824 -0.9973885 39.72315
Camera: -0.1070851 1.297857 -0.149503 0.05623901 -0.03861662 0.02313246 -0.9974021 39.76415
Camera: -0.1070007 1.297651 -0.1487639 0.05535769 -0.03871555 0.02308652 -0.9974486 39.80102
Camera: -0.1071024 1.297515 -0.1486907 0.05511983 -0.03838678 0.02317951 -0.9974723 39.85738
Camera: -0.1071952 1.297345 -0.1485724 0.0546282 -0.03837672 0.02391043 -0.9974825 39.90295
Camera: -0.1073445 1.297422 -0.1481854 0.05435695 -0.03839881 0.02323506 -0.9975124 39.94289
Camera: -0.1073419 1.297606 -0.1480267 0.05426017 -0.03821349 0.02309415 -0.9975281 40.00438
Camera: -0.1072297 1.297664 -0.1479653 0.05534784 -0.03755975 0.02243011 -0.9975083 40.04362
Camera: -0.1072368 1.297767 -0.1478605 0.05553008 -0.0372897 0.02321633 -0.9974903 40.08511
Camera: -0.107019 1.297777 -0.1478384 0.05533841 -0.03706232 0.02315884 -0.9975108 40.12049
Camera: -0.1073549 1.297588 -0.1480017 0.05464288 -0.03756998 0.023738 -0.9975165 40.17582
Camera: -0.1073497 1.297414 -0.1479288 0.05496394 -0.03742477 0.02340838 -0.9975122 40.21487
Camera: -0.1075107 1.297516 -0.1476557 0.05553047 -0.03691218 0.02342475 -0.9974995 40.26825
Camera: -0.1078407 1.29751 -0.1475104 0.05698042 -0.03495205 0.02255433 -0.9975083 40.3124
Camera: -0.107892 1.297528 -0.1474051 0.05756659 -0.03442654 0.02208496 -0.9975035 40.35201
Camera: -0.1077918 1.297587 -0.147426 0.05760877 -0.03420082 0.02113885 -0.9975293 40.41058
Camera: -0.107715 1.297536 -0.1475844 0.05675142 -0.03385573 0.02090741 -0.9975951 40.45119
Camera: -0.1078376 1.297586 -0.1477678 0.05612045 -0.03387005 0.02139205 -0.99762 40.49193
Camera: -0.1078195 1.297577 -0.1480118 0.05571591 -0.03419537 0.02135445 -0.9976324 40.52746
Camera: -0.1078379 1.29757 -0.1481271 0.0568327 -0.03448587 0.02170722 -0.9975518 40.58279
Camera: -0.1079522 1.297801 -0.1482379 0.05795395 -0.03387655 0.02207568 -0.9975001 40.62489
Camera: -0.1080668 1.298143 -0.1481326 0.05875033 -0.03301121 0.02265018 -0.9974697 40.66089
Camera: -0.1083669 1.298291 -0.1483202 0.06000134 -0.03220304 0.02283401 -0.9974174 40.7147
Camera: -0.1085903 1.298391 -0.1484541 0.06027142 -0.03079375 0.02354001 -0.9974292 40.75624
Camera: -0.1085895 1.298239 -0.148436 0.06008041 -0.02975071 0.02362329 -0.9974704 40.79251
Camera: -0.1085809 1.298425 -0.148333 0.06005054 -0.02954209 0.0236098 -0.9974787 40.846
Camera: -0.1090457 1.298424 -0.1480959 0.06048423 -0.02916063 0.02308941 -0.9974759 40.88203
Camera: -0.1091968 1.298405 -0.1479829 0.06049616 -0.0295374 0.0233406 -0.9974583 40.92196
Camera: -0.1094123 1.298271 -0.1480378 0.06015139 -0.02984605 0.02292917 -0.9974795 40.9617
Camera: -0.1096906 1.298293 -0.1478707 0.05977384 -0.03003 0.02256662 -0.9975049 41.0151
Camera: -0.1095939 1.298166 -0.1478685 0.05933491 -0.03020028 0.02236048 -0.9975306 41.05836
Camera: -0.1095451 1.298045 -0.1477372 0.05835407 -0.03030436 0.02178317 -0.9975981 41.10066
Camera: -0.1091903 1.297725 -0.147443 0.05820707 -0.03055171 0.02140386 -0.9976074 41.17126
Camera: -0.109084 1.297706 -0.1474002 0.05808125 -0.03099944 0.02209939 -0.9975857 41.21399
Camera: -0.1088302 1.297837 -0.1471437 0.05736791 -0.03106207 0.02285247 -0.9976081 41.25161
Camera: -0.1089114 1.297867 -0.1475907 0.05814174 -0.03117245 0.02315295 -0.9975529 41.30685
Camera: -0.1087264 1.298216 -0.147418 0.05870629 -0.03034211 0.02328207 -0.9975424 41.34713
Camera: -0.1090192 1.298203 -0.1476502 0.05931935 -0.02943673 0.02240339 -0.9975535 41.38323
Camera: -0.1090638 1.29817 -0.1477575 0.05963768 -0.02835472 0.02173708 -0.9975805 41.43879
Camera: -0.109381 1.298117 -0.1480756 0.05787201 -0.02681857 0.02132534 -0.9977359 41.481
Camera: -0.1096359 1.297927 -0.1482161 0.05797378 -0.02590014 0.02202652 -0.997739 41.52065
Camera: -0.110126 1.297883 -0.1480236 0.05848822 -0.0243613 0.02264581 -0.9977339 41.57671
Camera: -0.1106388 1.297633 -0.1475312 0.05898676 -0.02125 0.02296938 -0.9977682 41.62157
Camera: -0.110599 1.297685 -0.147208 0.05842946 -0.02181973 0.02282937 -0.9977919 41.66205
Camera: -0.1105029 1.297268 -0.1470751 0.05490299 -0.02419018 0.02252693 -0.9979445 41.71371
Camera: -0.1101517 1.297215 -0.1470202 0.05344136 -0.0267389 0.02411365 -0.9979216 41.75477
Camera: -0.1096713 1.296908 -0.1466494 0.05220124 -0.02916617 0.02399212 -0.9979222 41.79719
Camera: -0.1087921 1.296829 -0.1464397 0.05116454 -0.03453134 0.02412007 -0.9978016 41.84748
Camera: -0.1081351 1.296709 -0.1465864 0.05046096 -0.03793786 0.02417456 -0.9977124 41.88868
Camera: -0.1076224 1.296738 -0.1466288 0.05058325 -0.04137893 0.02334055 -0.9975893 41.93286
Camera: -0.1057213 1.296102 -0.1466798 0.04860757 -0.04770627 0.02242927 -0.9974259 41.98058
Camera: -0.1047442 1.296057 -0.1465552 0.04821134 -0.05064489 0.02295007 -0.9972883 42.02113
Camera: -0.1038935 1.295971 -0.1465746 0.04793324 -0.05290094 0.02304183 -0.9971825 42.0598
Camera: -0.1020725 1.295703 -0.1467471 0.0467426 -0.0566693 0.02520669 -0.9969797 42.09645
Camera: -0.1011745 1.295732 -0.1470032 0.04601469 -0.05831722 0.02557389 -0.9969091 42.14472
Camera: -0.1004183 1.295557 -0.1473494 0.04603549 -0.05996277 0.02559742 -0.9968099 42.20964
Camera: -0.09924066 1.295782 -0.1476947 0.04699909 -0.06237558 0.02566905 -0.9966151 42.2537
Camera: -0.09880471 1.295866 -0.1478296 0.04780816 -0.06296708 0.0256517 -0.9965398 42.29248
Camera: -0.09866026 1.295898 -0.1479909 0.04877977 -0.06207674 0.02674493 -0.9965198 42.35236
Camera: -0.09872547 1.296159 -0.1480797 0.049234 -0.06093548 0.02677456 -0.9965671 42.39327
Camera: -0.09932879 1.295822 -0.1480451 0.04999605 -0.05942125 0.02678393 -0.9966204 42.43426
Camera: -0.09947097 1.296142 -0.1481397 0.05016552 -0.05964886 0.02591426 -0.9966213 42.48526
Camera: -0.09961328 1.296347 -0.1479006 0.05061632 -0.06056381 0.02635519 -0.9965317 42.52422
Camera: -0.09995416 1.296227 -0.1480005 0.05030956 -0.06122424 0.02616555 -0.9965119 42.56718
Camera: -0.1004204 1.296 -0.1480052 0.04971096 -0.0617937 0.02611828 -0.996508 42.61953
Camera: -0.1008142 1.295999 -0.1480327 0.04964221 -0.06167887 0.02508076 -0.9965452 42.66626
Camera: -0.1015474 1.295867 -0.1475725 0.04958216 -0.05963147 0.02362883 -0.9967083 42.70379
Camera: -0.1023317 1.295857 -0.1477832 0.04959305 -0.05771462 0.02209578 -0.9968557 42.76226
Camera: -0.103152 1.295935 -0.1474231 0.04819147 -0.05490702 0.02072351 -0.9971125 42.80458
Camera: -0.1036392 1.295768 -0.1477669 0.04787703 -0.05432065 0.02078398 -0.9971585 42.84086
Camera: -0.1037692 1.295702 -0.1476327 0.04780365 -0.05304326 0.02085452 -0.9972293 42.89486
Camera: -0.1041041 1.295813 -0.147664 0.04810466 -0.05200543 0.02193682 -0.9972463 42.93635
Camera: -0.1040673 1.29595 -0.1476653 0.0489553 -0.05182246 0.02221732 -0.9972082 42.97153
Camera: -0.1042695 1.295996 -0.1475275 0.04972046 -0.05203096 0.02242234 -0.997155 43.02525
Camera: -0.1041954 1.295922 -0.1473196 0.0501902 -0.05251503 0.02242642 -0.9971059 43.06409
Camera: -0.1040395 1.296006 -0.1472036 0.05019053 -0.05471312 0.02131378 -0.9970121 43.10059
Camera: -0.1034936 1.296408 -0.1466766 0.04932815 -0.05623525 0.02128445 -0.9969711 43.15443
Camera: -0.1033734 1.296136 -0.1471985 0.04897033 -0.05684704 0.02082556 -0.9969637 43.19133
Camera: -0.1034783 1.295679 -0.1471725 0.04818488 -0.05753567 0.02122992 -0.996954 43.24305
Camera: -0.1031145 1.295869 -0.1472572 0.04758684 -0.0577869 0.0207289 -0.9969787 43.28291
Camera: -0.1027007 1.295968 -0.1470764 0.04676538 -0.05863428 0.02106947 -0.996961 43.32058
Camera: -0.102746 1.295736 -0.1473306 0.04636766 -0.05930256 0.02100691 -0.9969413 43.38063
Camera: -0.1026529 1.295841 -0.1479315 0.04640012 -0.05942015 0.02069162 -0.9969394 43.42029
Camera: -0.1023674 1.295921 -0.1479925 0.04702286 -0.05884757 0.02071297 -0.9969438 43.46455
Camera: -0.1024306 1.296172 -0.1482484 0.04847974 -0.05764492 0.02049458 -0.9969487 43.51011
Camera: -0.1022775 1.295979 -0.1483659 0.0487797 -0.05707682 0.02094598 -0.9969574 43.56083
Camera: -0.1024977 1.296189 -0.1489166 0.04892102 -0.05746581 0.02094589 -0.9969282 43.60543
Camera: -0.1021834 1.296015 -0.1489528 0.04840493 -0.05816636 0.02102705 -0.996911 43.64885
Camera: -0.1017528 1.296165 -0.148563 0.04822277 -0.05908459 0.02125564 -0.996861 43.69836
Camera: -0.1020939 1.29609 -0.1489604 0.04933217 -0.05966348 0.02117222 -0.996774 43.73862
Camera: -0.1022277 1.295992 -0.1490341 0.05003989 -0.05927787 0.02100161 -0.9967653 43.78233
Camera: -0.102449 1.296159 -0.1489726 0.0502856 -0.05874748 0.0208342 -0.9967878 43.83556
Camera: -0.1026011 1.296193 -0.1488519 0.05052988 -0.05703392 0.02052011 -0.9968815 43.87885
Camera: -0.1028139 1.296254 -0.1488962 0.05010569 -0.05693121 0.02035691 -0.9969122 43.92375
Camera: -0.1029953 1.296183 -0.1487648 0.04977453 -0.05678554 0.02054879 -0.9969332 43.9743
Camera: -0.1024433 1.296385 -0.1483099 0.04978263 -0.05707539 0.02062575 -0.9969146 44.01435
Camera: -0.1027636 1.296112 -0.1484272 0.04992699 -0.05690097 0.02061563 -0.9969175 44.05857
Camera: -0.1031967 1.296183 -0.1484954 0.05013699 -0.05658448 0.02121293 -0.9969125 44.1076
Camera: -0.1031199 1.29613 -0.148359 0.04934004 -0.05609301 0.02100412 -0.9969845 44.14783
Camera: -0.1029749 1.296261 -0.1481928 0.04894082 -0.05563121 0.0208844 -0.9970325 44.19193
Camera: -0.1031084 1.296181 -0.1480713 0.04939202 -0.05492422 0.02051998 -0.997057 44.25358
Camera: -0.1031587 1.296209 -0.1480916 0.04910193 -0.05497228 0.02071598 -0.9970647 44.29408
Camera: -0.1028868 1.296136 -0.1480658 0.0486236 -0.05527653 0.02066678 -0.9970723 44.3382
Camera: -0.1029272 1.296171 -0.1482874 0.04916444 -0.05520361 0.02111723 -0.9970404 44.3872
Camera: -0.103059 1.296247 -0.1482681 0.05001992 -0.05392055 0.02083671 -0.9970739 44.42776
Camera: -0.1038656 1.296429 -0.1482998 0.0500944 -0.04975859 0.02157296 -0.9972709 44.46402
Camera: -0.1043274 1.296392 -0.1480098 0.04985645 -0.04644985 0.0215084 -0.9974438 44.52029
Camera: -0.1050198 1.29645 -0.1479284 0.04978867 -0.04238499 0.02098932 -0.9976392 44.56522
Camera: -0.1062755 1.296663 -0.1478164 0.04945334 -0.03655439 0.0189434 -0.9979275 44.60481
Camera: -0.1069111 1.296623 -0.1476435 0.04984882 -0.03458259 0.01805055 -0.9979947 44.66338
Camera: -0.1078417 1.296765 -0.147232 0.05056754 -0.03126576 0.01711518 -0.9980844 44.70563
Camera: -0.108471 1.296775 -0.1471814 0.05040022 -0.03003718 0.01702244 -0.9981322 44.74549
Camera: -0.1081752 1.297114 -0.1465866 0.04992351 -0.02940555 0.01784372 -0.9981606 44.78292
Camera: -0.1090203 1.296896 -0.147069 0.05007143 -0.02934444 0.01802468 -0.9981517 44.83818
Camera: -0.1094297 1.296396 -0.1475533 0.05026859 -0.03032378 0.0168641 -0.9981329 44.8812
Camera: -0.1095583 1.296696 -0.1472394 0.05053731 -0.03161021 0.01674423 -0.9980814 44.91764
Camera: -0.1095835 1.296747 -0.1472192 0.05069323 -0.03225246 0.01658098 -0.9980556 44.97178
Camera: -0.109401 1.297133 -0.1470395 0.05060345 -0.03381877 0.01668668 -0.9980066 45.01345
Camera: -0.1094821 1.296844 -0.1472438 0.05025553 -0.03493774 0.01621238 -0.9979935 45.05697
Camera: -0.1080966 1.296506 -0.1476106 0.04877768 -0.0395655 0.01634037 -0.997892 45.1173
Camera: -0.1072712 1.296394 -0.1476633 0.04811045 -0.04249693 0.01639106 -0.997803 45.16181
Camera: -0.1056681 1.296149 -0.1473845 0.04754145 -0.04863283 0.01847426 -0.9975136 45.1984
Camera: -0.1049162 1.296181 -0.1474252 0.04698185 -0.05136276 0.01925676 -0.9973885 45.27139
Camera: -0.1032495 1.296011 -0.1476593 0.04644257 -0.05575857 0.02146913 -0.9971325 45.30863
Camera: -0.1025726 1.295946 -0.1474932 0.0459731 -0.0585146 0.02226827 -0.9969788 45.34917
Camera: -0.101824 1.295882 -0.1477134 0.04626781 -0.06177868 0.02273097 -0.9967577 45.39412
Camera: -0.1003202 1.295772 -0.1480444 0.04641614 -0.06703985 0.02263811 -0.9964129 45.44309
Camera: -0.09979215 1.295801 -0.1481179 0.04653598 -0.0682822 0.02265503 -0.9963226 45.48252
Camera: -0.09967503 1.295831 -0.1481476 0.04665865 -0.06828949 0.02240424 -0.996322 45.52554
Camera: -0.09980646 1.295897 -0.1483752 0.0468882 -0.06692134 0.0232285 -0.9963852 45.57605
Camera: -0.09959713 1.296031 -0.147953 0.04730213 -0.06611575 0.02297186 -0.9964254 45.61598
Camera: -0.09965676 1.296034 -0.1480838 0.04754299 -0.06561343 0.02266313 -0.9964542 45.65274
Camera: -0.0995543 1.295869 -0.1480728 0.04755507 -0.06548624 0.0220525 -0.9964757 45.70654
Camera: -0.09981352 1.295857 -0.1481198 0.04690693 -0.06608069 0.0219249 -0.99647 45.75713
Camera: -0.09963721 1.295416 -0.1480491 0.04537413 -0.06646394 0.02321091 -0.9964864 45.79695
Camera: -0.09980965 1.295459 -0.1483593 0.04530688 -0.06668292 0.02296774 -0.9964804 45.85627
Camera: -0.09997332 1.295552 -0.1483733 0.04533996 -0.0667863 0.02244539 -0.9964839 45.89795
Camera: -0.1004116 1.295908 -0.1484674 0.04671225 -0.06660831 0.02056918 -0.9964729 45.93785
Camera: -0.1004766 1.295907 -0.1484379 0.04716798 -0.0661786 0.0201986 -0.9964877 45.97518
Camera: -0.1006196 1.295835 -0.1482971 0.04733124 -0.06612995 0.02052552 -0.9964765 46.02898
Camera: -0.1007864 1.295622 -0.1483919 0.04582676 -0.06622521 0.0211967 -0.9965264 46.07093
Camera: -0.1008252 1.295646 -0.1484986 0.04468558 -0.06734775 0.02197868 -0.9964861 46.10831
Camera: -0.1011921 1.295719 -0.1486518 0.04454568 -0.06859115 0.02303108 -0.9963837 46.16201
Camera: -0.101265 1.295491 -0.1487543 0.04525339 -0.07078534 0.02156612 -0.9962311 46.2041
Camera: -0.1011315 1.295409 -0.1483046 0.04687343 -0.07088745 0.02058199 -0.9961698 46.2454
Camera: -0.1010718 1.295372 -0.147978 0.04736181 -0.07043498 0.01924094 -0.9962056 46.29863
Camera: -0.1005988 1.295202 -0.147386 0.04443055 -0.07038822 0.01889697 -0.9963505 46.33823
Camera: -0.1002463 1.294732 -0.1474245 0.04189352 -0.07062888 0.01917584 -0.9964381 46.3821
Camera: -0.1000608 1.294412 -0.147463 0.04038227 -0.07170518 0.0199405 -0.9964086 46.43143
Camera: -0.09955177 1.294708 -0.1474703 0.04049581 -0.07282609 0.01992554 -0.996323 46.47095
Camera: -0.09921542 1.294642 -0.1474628 0.04151019 -0.07265906 0.01994239 -0.9962931 46.51467
Camera: -0.09923509 1.29476 -0.1475085 0.04272069 -0.07294864 0.0203796 -0.9962119 46.56616
Camera: -0.09908423 1.294817 -0.1480076 0.04311382 -0.07261787 0.02041925 -0.9962183 46.60651
Camera: -0.09897724 1.2949 -0.1483421 0.04290211 -0.07270453 0.02133953 -0.9962019 46.6502
Camera: -0.09882286 1.294887 -0.1482853 0.04269033 -0.0725669 0.02140817 -0.9962195 46.6986
Camera: -0.09871063 1.294863 -0.1485258 0.0434087 -0.07279421 0.02268011 -0.9961438 46.73791
Camera: -0.09876329 1.294891 -0.1489599 0.04393332 -0.07284985 0.022657 -0.9961172 46.77782
Camera: -0.09865347 1.294861 -0.1489023 0.04436877 -0.07328484 0.02342248 -0.9960483 46.81262
Camera: -0.09869361 1.295047 -0.149009 0.04473761 -0.07326104 0.02341192 -0.9960338 46.86756
Camera: -0.0987289 1.295177 -0.1490007 0.04390275 -0.07220588 0.02267931 -0.9961649 46.90868
Camera: -0.09906992 1.295134 -0.1492308 0.0433492 -0.07173356 0.0224422 -0.9962286 46.9546
Camera: -0.09911141 1.295225 -0.1494471 0.04311665 -0.07136712 0.0223607 -0.9962669 47.00298
Camera: -0.09993044 1.295544 -0.1500827 0.04418656 -0.07140505 0.02176815 -0.9962304 47.05312
Camera: -0.1002853 1.295604 -0.1502698 0.04558279 -0.07086128 0.02143272 -0.9962136 47.09252
Camera: -0.1010443 1.296 -0.1505017 0.04766445 -0.06883936 0.02161898 -0.996254 47.13633
Camera: -0.101353 1.296288 -0.1507897 0.0493265 -0.067716 0.02122703 -0.9962585 47.18603
Camera: -0.1016783 1.296521 -0.1507471 0.05040472 -0.06654111 0.02099776 -0.9962885 47.22499
Camera: -0.1022812 1.296764 -0.1510506 0.05098451 -0.06463127 0.01955638 -0.9964141 47.26749
Camera: -0.102557 1.296984 -0.1510006 0.05123368 -0.06482846 0.01925958 -0.9963943 47.32652
Camera: -0.1029789 1.297282 -0.1512044 0.05265857 -0.06412739 0.01894897 -0.9963713 47.36632
Camera: -0.1034505 1.297215 -0.1513409 0.05345671 -0.06176424 0.01886398 -0.9964797 47.42374
Camera: -0.1053984 1.297605 -0.1514459 0.05509206 -0.0513972 0.02026416 -0.9969516 47.47067
Camera: -0.1060635 1.297908 -0.1512658 0.05574414 -0.04656491 0.02010998 -0.9971559 47.5094
Camera: -0.1068844 1.297738 -0.1513235 0.0558791 -0.0433416 0.01976558 -0.9973006 47.56286
Camera: -0.1078431 1.297525 -0.151605 0.05589819 -0.03950533 0.01849683 -0.9974831 47.60513
Camera: -0.1081375 1.297785 -0.1514471 0.05619865 -0.03770049 0.01882277 -0.99753 47.64599
Camera: -0.1085841 1.297897 -0.151496 0.05662519 -0.03666953 0.01869082 -0.9975468 47.69807
Camera: -0.1088192 1.297994 -0.1516318 0.05655002 -0.03694423 0.01888311 -0.9975373 47.73748
Camera: -0.1084417 1.297764 -0.1511508 0.05645361 -0.03787005 0.0190283 -0.9975053 47.78122
Camera: -0.1082731 1.297791 -0.1508556 0.05654347 -0.03886017 0.01915266 -0.9974597 47.83015
Camera: -0.1081724 1.297558 -0.1506952 0.05626444 -0.04053799 0.0186366 -0.9974185 47.86944
Camera: -0.1079166 1.297467 -0.1505913 0.05576333 -0.04120763 0.01847518 -0.9974222 47.91457
Camera: -0.10783 1.297316 -0.1504764 0.05530068 -0.04114262 0.01814203 -0.9974568 47.96457
Camera: -0.1073341 1.297356 -0.1503704 0.05453192 -0.04111274 0.01793717 -0.9975041 48.00226
Camera: -0.1066678 1.297362 -0.1500277 0.05439787 -0.04125154 0.01799914 -0.9975045 48.04108
Camera: -0.1064612 1.297246 -0.149992 0.05463363 -0.0416121 0.01820327 -0.9974729 48.10265
Camera: -0.1058947 1.297366 -0.1501649 0.05527213 -0.04149726 0.01956803 -0.9974167 48.14673
Camera: -0.1055586 1.297274 -0.1501094 0.05474706 -0.04097543 0.02048028 -0.9974489 48.18679
Camera: -0.1052063 1.297185 -0.1502383 0.05464831 -0.04078095 0.02143642 -0.9974422 48.24262
Camera: -0.1050856 1.297178 -0.1504133 0.05445193 -0.04089377 0.02256293 -0.9974235 48.28194
Camera: -0.1051045 1.29738 -0.1504288 0.0545287 -0.04133238 0.02292433 -0.997393 48.33125
Camera: -0.105395 1.297245 -0.1505914 0.0559452 -0.04225244 0.02252994 -0.9972849 48.37014
Camera: -0.1057022 1.297374 -0.1505993 0.05658742 -0.0422697 0.02294909 -0.9972385 48.41146
Camera: -0.1058206 1.297359 -0.1506319 0.05671077 -0.04188479 0.02252124 -0.9972575 48.46654
Camera: -0.1064586 1.297537 -0.1507334 0.05627804 -0.04271109 0.02169521 -0.9972652 48.50542
Camera: -0.1067662 1.29761 -0.1508624 0.05612179 -0.04315078 0.02070448 -0.9972762 48.5417
Camera: -0.106766 1.297693 -0.1505345 0.05568001 -0.04373417 0.02024109 -0.997285 48.59841
Camera: -0.1073866 1.297616 -0.1508146 0.05670222 -0.04352193 0.0187258 -0.9972663 48.64222
Camera: -0.1076995 1.297688 -0.1508246 0.05705015 -0.04312468 0.01865259 -0.9972651 48.68326
Camera: -0.1081113 1.297664 -0.151 0.05709202 -0.04263588 0.01831099 -0.9972901 48.73563
Camera: -0.1083689 1.297476 -0.1507889 0.05696019 -0.04170756 0.0178506 -0.9973452 48.77639
Camera: -0.108379 1.297528 -0.1508557 0.05664994 -0.04153947 0.01791923 -0.9973686 48.82331
Camera: -0.1084112 1.297467 -0.1507537 0.05645772 -0.0416772 0.01736153 -0.9973837 48.87449
Camera: -0.1083709 1.297332 -0.1507871 0.05634522 -0.04215775 0.01735917 -0.9973699 48.91442
Camera: -0.1081652 1.297335 -0.150806 0.05607856 -0.04242474 0.01701127 -0.9973795 48.97516
Camera: -0.1078786 1.297488 -0.1508603 0.05571875 -0.04332754 0.01822507 -0.9973395 49.01237
Camera: -0.1078044 1.29759 -0.1510931 0.05578113 -0.0431223 0.0186514 -0.997337 49.05402
Camera: -0.1078688 1.297445 -0.1510751 0.05664334 -0.04294914 0.01920723 -0.9972853 49.09673
Camera: -0.1077513 1.297695 -0.1508856 0.05746866 -0.0421935 0.01889798 -0.9972763 49.14949
Camera: -0.107608 1.297782 -0.1510999 0.05755366 -0.04196154 0.01863736 -0.9972861 49.19431
Noticed 49.48824
Facebook 71.13567
Camera: -0.1211649 1.297184 -0.1453751 0.06899765 0.05068103 0.0258956 -0.9959921 71.13567
Camera: -0.1208287 1.29713 -0.1455442 0.06912433 0.04931477 0.02592992 -0.996051 71.19115
Camera: -0.1198684 1.297395 -0.1451519 0.06876576 0.04413381 0.0261903 -0.996312 71.23604
Camera: -0.119352 1.297098 -0.1448986 0.06773228 0.04137611 0.02576531 -0.9965122 71.27707
Camera: -0.1188276 1.296761 -0.1447602 0.06644408 0.03867689 0.02527379 -0.9967199 71.31937
Camera: -0.1182173 1.296473 -0.1443675 0.06497928 0.03641697 0.02635787 -0.9968735 71.37427
Camera: -0.1184594 1.296466 -0.1446822 0.06483039 0.03704274 0.02667931 -0.9968516 71.41304
Camera: -0.118717 1.296417 -0.144855 0.06501451 0.03857897 0.0267958 -0.9967782 71.4567
Camera: -0.1189204 1.296369 -0.1447145 0.06419341 0.04158277 0.02699996 -0.9967052 71.49529
Camera: -0.1189333 1.296331 -0.1447939 0.06354583 0.04189846 0.02588185 -0.9967631 71.55195
Camera: -0.11832 1.296277 -0.1447721 0.06319274 0.03928442 0.02536818 -0.9969051 71.59334
Camera: -0.1177633 1.296593 -0.1444347 0.06301799 0.03726232 0.0254846 -0.9969909 71.64101
Camera: -0.1173331 1.296513 -0.1446307 0.06236462 0.03367117 0.02582947 -0.9971508 71.69383
Camera: -0.1157863 1.296094 -0.1447504 0.06195542 0.02402353 0.02538802 -0.9974667 71.73645
Camera: -0.1149874 1.29611 -0.1447212 0.06175217 0.01942037 0.02593219 -0.9975656 71.8015
Camera: -0.1135739 1.295922 -0.1445635 0.0617136 0.01177723 0.02786248 -0.9976354 71.83847
Camera: -0.1127767 1.295917 -0.1443132 0.06177992 0.008176956 0.02867807 -0.9976442 71.87829
Camera: -0.1120915 1.295788 -0.1443564 0.06131808 0.005236663 0.02868856 -0.9976922 71.92281
Camera: -0.1107239 1.295942 -0.1439406 0.06080608 -0.0008063411 0.02879988 -0.9977337 71.97071
Camera: -0.1104594 1.295642 -0.1443189 0.05952484 -0.00166326 0.02849294 -0.9978187 72.01028
Camera: -0.1103291 1.295424 -0.1445535 0.05858341 -0.0006712285 0.02863641 -0.9978715 72.05251
Camera: -0.1107417 1.295188 -0.1444584 0.05755513 0.004530428 0.0279814 -0.9979399 72.101
Camera: -0.1106144 1.295372 -0.1442282 0.05791796 0.005403623 0.02799986 -0.997914 72.14195
Camera: -0.1105672 1.295243 -0.1442411 0.0577145 0.004491459 0.02768674 -0.9979391 72.18182
Camera: -0.1089937 1.295382 -0.1440747 0.05842035 -0.005075548 0.02798382 -0.9978869 72.21884
Camera: -0.1067603 1.295539 -0.1438191 0.06015458 -0.01945707 0.0274442 -0.997622 72.26366
Camera: -0.1041486 1.295425 -0.1436523 0.05934676 -0.03544421 0.02683323 -0.997247 72.315
Camera: -0.09807 1.295805 -0.1437389 0.06003713 -0.07189935 0.02484139 -0.9952934 72.35773
Camera: -0.09511456 1.295545 -0.1439753 0.05904669 -0.08975576 0.02379277 -0.9939272 72.39902
Camera: -0.09242409 1.295462 -0.1440334 0.05776416 -0.1067752 0.02330993 -0.9923301 72.45612
Camera: -0.08814692 1.294726 -0.1448042 0.05623002 -0.1320685 0.02253884 -0.9893878 72.4996
Camera: -0.08660442 1.294797 -0.1449496 0.05675706 -0.1408316 0.02347113 -0.9881266 72.53886
Camera: -0.08531755 1.294807 -0.1450967 0.05747308 -0.1468985 0.02390597 -0.9871911 72.58368
Camera: -0.08388403 1.2949 -0.1455008 0.0587359 -0.1533438 0.02414168 -0.9861303 72.62756
Camera: -0.08340433 1.295137 -0.1455257 0.06019041 -0.1546032 0.02319189 -0.9858688 72.68326
Camera: -0.08314911 1.296012 -0.1454799 0.0627717 -0.1529281 0.02134315 -0.9860108 72.72388
Camera: -0.08333695 1.296711 -0.1453189 0.06581508 -0.1519264 0.01996643 -0.985996 72.7705
Camera: -0.08335716 1.296666 -0.1452818 0.06741907 -0.1502715 0.01698603 -0.9861971 72.83717
Camera: -0.08353522 1.296678 -0.1453375 0.06769731 -0.1499064 0.01560358 -0.9862564 72.87783
Camera: -0.08353138 1.296932 -0.1450544 0.06741956 -0.1497391 0.01470442 -0.9863147 72.93273
Camera: -0.0841496 1.296482 -0.1451097 0.06506762 -0.1492436 0.01446412 -0.9865513 72.97608
Camera: -0.08441529 1.296235 -0.1451812 0.06409144 -0.1493391 0.01494743 -0.9865935 73.02486
Camera: -0.08533537 1.296227 -0.1450592 0.06359197 -0.1489474 0.01455932 -0.9866908 73.06496
Camera: -0.08590111 1.296309 -0.1449563 0.06375878 -0.148339 0.01460218 -0.9867711 73.10735
Camera: -0.08646259 1.296533 -0.144878 0.0644948 -0.1474522 0.01418435 -0.9868622 73.15616
Camera: -0.08781725 1.296573 -0.1445272 0.06619047 -0.145023 0.0131016 -0.9871249 73.19492
Camera: -0.0883778 1.296746 -0.1442748 0.06678454 -0.1437003 0.01254916 -0.9872855 73.23969
Camera: -0.08879477 1.296846 -0.144149 0.06691313 -0.1421548 0.01194339 -0.987508 73.28918
Camera: -0.08990034 1.296704 -0.1434581 0.06603128 -0.1399772 0.01164955 -0.9878819 73.32717
Camera: -0.09019235 1.296674 -0.1432382 0.06508481 -0.1391478 0.01150654 -0.9880635 73.36719
Camera: -0.0898658 1.296735 -0.142354 0.0634403 -0.1391549 0.01170025 -0.9881672 73.40351
Camera: -0.09048888 1.296295 -0.1426754 0.06291553 -0.139039 0.01100168 -0.9882251 73.44711
Camera: -0.09126273 1.296065 -0.1420264 0.06205653 -0.1372196 0.01029143 -0.9885413 73.49727
Camera: -0.09157822 1.295899 -0.1416451 0.06106022 -0.1352042 0.009053236 -0.9888931 73.53902
Camera: -0.09203666 1.295599 -0.1414526 0.05998087 -0.1326024 0.009436888 -0.9893078 73.57728
Camera: -0.09268689 1.29531 -0.141361 0.05931942 -0.1294147 0.009804581 -0.9897661 73.63727
Camera: -0.09356594 1.295604 -0.141345 0.05898337 -0.1226791 0.01010725 -0.9906405 73.67936
Camera: -0.09490314 1.295973 -0.1411163 0.06118196 -0.1160764 0.009968028 -0.991304 73.7228
Camera: -0.09536836 1.296174 -0.1414976 0.06195013 -0.1139031 0.009726566 -0.9915108 73.7696
Camera: -0.09567556 1.296144 -0.1412647 0.06237254 -0.1118057 0.009511776 -0.9917251 73.83472
Camera: -0.09648654 1.296238 -0.1416827 0.06239386 -0.1095446 0.008857831 -0.9919822 73.87534
Camera: -0.09655085 1.296351 -0.1417537 0.06209385 -0.110199 0.008693049 -0.9919299 73.91579
Camera: -0.09679797 1.29641 -0.1419295 0.06220259 -0.1109582 0.007653926 -0.991847 73.95707
Camera: -0.09703222 1.296345 -0.1423228 0.06239019 -0.1111889 0.00696136 -0.9918146 74.01234
Camera: -0.09743997 1.296206 -0.1425015 0.0621235 -0.1105462 0.006748325 -0.9919046 74.05264
Camera: -0.09768194 1.296272 -0.1427116 0.06212124 -0.1103333 0.006829393 -0.9919279 74.10798
Camera: -0.09807041 1.296386 -0.1430003 0.06229553 -0.1100147 0.007141914 -0.9919502 74.14421
Camera: -0.09802452 1.296507 -0.1430187 0.06251355 -0.1101761 0.006980028 -0.9919197 74.18443
Camera: -0.09807298 1.29648 -0.1431587 0.06196279 -0.1115093 0.007415936 -0.991802 74.24065
Camera: -0.09794539 1.296335 -0.1433605 0.06108915 -0.1135795 0.007404068 -0.9916214 74.28133
Camera: -0.09750259 1.296287 -0.1435479 0.06112105 -0.11678 0.006471197 -0.9912542 74.3184
Camera: -0.09715396 1.296287 -0.1434994 0.06132249 -0.1178909 0.006529706 -0.9911098 74.37401
Camera: -0.0967966 1.296289 -0.1436213 0.06164201 -0.1182355 0.006436211 -0.9910496 74.41505
Camera: -0.09626213 1.296347 -0.143538 0.06201197 -0.118852 0.006130193 -0.9909547 74.45464
Camera: -0.09612373 1.296501 -0.1436596 0.06246654 -0.1187415 0.006169977 -0.9909392 74.50715
Camera: -0.09583059 1.296551 -0.1435592 0.06267125 -0.1185921 0.005784723 -0.9909464 74.5442
Camera: -0.09546372 1.296417 -0.1437394 0.06284758 -0.1179698 0.005918223 -0.9910088 74.58227
Camera: -0.09547293 1.296587 -0.1440598 0.06355835 -0.1161612 0.006930782 -0.9911705 74.62452
Camera: -0.09554219 1.296566 -0.1439281 0.06419672 -0.1145888 0.007104877 -0.9913111 74.67879
Camera: -0.09585521 1.296492 -0.1434187 0.0647682 -0.1093706 0.00750488 -0.9918603 74.72498
Camera: -0.09614387 1.296581 -0.1431747 0.06518562 -0.1072878 0.007530371 -0.9920602 74.76351
Camera: -0.09656209 1.296638 -0.1431225 0.06555647 -0.1046741 0.007698455 -0.9923137 74.82048
Camera: -0.09772739 1.296699 -0.1431968 0.06586672 -0.09997116 0.008251051 -0.9927735 74.87574
Camera: -0.09827158 1.297024 -0.1430149 0.06636304 -0.09732559 0.008132673 -0.9930043 74.91776
Camera: -0.09910253 1.297052 -0.1425881 0.06802451 -0.09116026 0.006466893 -0.9934891 74.9744
Camera: -0.09974125 1.297434 -0.1423386 0.06789681 -0.08865647 0.00679627 -0.9937223 75.01694
Camera: -0.1012456 1.29728 -0.1425589 0.06750612 -0.08422931 0.00595523 -0.9941393 75.05734
Camera: -0.1019064 1.297316 -0.1426424 0.06743075 -0.08253226 0.005620511 -0.9942887 75.1141
Camera: -0.1026469 1.297373 -0.1426581 0.06760892 -0.07991433 0.004586193 -0.9944957 75.15501
Camera: -0.1028184 1.297459 -0.1425878 0.0677755 -0.07896428 0.003838177 -0.9945635 75.19688
Camera: -0.1033453 1.297343 -0.1425984 0.06707925 -0.07798197 0.003302349 -0.9946901 75.25029
Camera: -0.1044491 1.297147 -0.1422123 0.06599694 -0.07383016 0.003410174 -0.9950789 75.29057
Camera: -0.1049444 1.296971 -0.1421722 0.06526803 -0.07026109 0.002663227 -0.9953876 75.34234
Camera: -0.1054133 1.296938 -0.1417518 0.06407475 -0.06694541 0.003091609 -0.9956923 75.38129
Camera: -0.1063677 1.296758 -0.140959 0.06184525 -0.05994914 0.00278891 -0.9962798 75.42513
Camera: -0.107351 1.296503 -0.1413404 0.0609921 -0.05653732 0.002632827 -0.9965323 75.47481
Camera: -0.1080315 1.296345 -0.1411439 0.06133312 -0.05289303 0.002817351 -0.996711 75.51685
Camera: -0.1091996 1.296412 -0.1405456 0.06167856 -0.04630083 0.001525277 -0.9970204 75.56198
Camera: -0.1096382 1.296174 -0.1401855 0.06128769 -0.04312182 0.001760874 -0.9971867 75.6131
Camera: -0.1110202 1.296077 -0.1400429 0.06041318 -0.03657179 0.002823448 -0.9974993 75.65262
Camera: -0.1117392 1.29596 -0.1396779 0.0595704 -0.03240124 0.003710374 -0.9976913 75.6911
Camera: -0.112518 1.29569 -0.1395923 0.05907044 -0.02790688 0.004362047 -0.9978542 75.72834
Camera: -0.1134545 1.295854 -0.1394051 0.05875716 -0.0234633 0.004638457 -0.9979858 75.77242
Camera: -0.1143392 1.295993 -0.1391399 0.0578602 -0.0175461 0.005702241 -0.9981542 75.82148
Camera: -0.1177942 1.295291 -0.1392768 0.05516827 0.001539617 0.008730958 -0.9984378 75.86945
Camera: -0.1200624 1.294675 -0.1392779 0.05232501 0.01397913 0.01102097 -0.9984715 75.914
Camera: -0.1245715 1.293871 -0.1397894 0.04886597 0.03913933 0.01299898 -0.9979535 75.95624
Camera: -0.1260981 1.294176 -0.1398745 0.04886007 0.04913479 0.01098797 -0.9975358 76.01454
Camera: -0.1284828 1.294094 -0.1401596 0.05031632 0.06181815 0.006266584 -0.9967986 76.05553
Camera: -0.1291231 1.294129 -0.1403687 0.05138595 0.06458867 0.005008253 -0.9965755 76.09859
Camera: -0.1295433 1.294507 -0.14066 0.05194211 0.06551005 0.005062115 -0.9964862 76.14729
Camera: -0.1301735 1.294493 -0.1411842 0.05255078 0.06573045 0.006281549 -0.9964329 76.20232
Camera: -0.1303023 1.29441 -0.1413805 0.05210984 0.06620976 0.00713381 -0.9964186 76.24028
Camera: -0.1303748 1.294471 -0.1415147 0.0521952 0.06556028 0.0080568 -0.99645 76.284
Camera: -0.1304602 1.294573 -0.1412342 0.05248361 0.0639196 0.00908705 -0.9965326 76.3275
Camera: -0.1300596 1.294658 -0.1407619 0.05194911 0.06321169 0.009847205 -0.9965985 76.38194
Camera: -0.1303094 1.294209 -0.1410173 0.05102012 0.06061003 0.01128944 -0.9967929 76.42469
Camera: -0.1301112 1.294104 -0.1409501 0.0504964 0.05997658 0.01116396 -0.9968593 76.4796
Camera: -0.1301034 1.29402 -0.1407245 0.04989136 0.0601927 0.01109881 -0.9968774 76.52157
Camera: -0.1299459 1.294089 -0.1403949 0.04985036 0.06094492 0.01107823 -0.996834 76.56087
Camera: -0.1298446 1.294027 -0.1402583 0.04983524 0.06199444 0.01088918 -0.9967721 76.62299
Camera: -0.1299278 1.29394 -0.1401234 0.04949969 0.06282537 0.01118393 -0.9967335 76.6646
Camera: -0.1295944 1.293985 -0.1399881 0.04972573 0.06264302 0.01159557 -0.996729 76.70341
Camera: -0.129381 1.293969 -0.1397516 0.05023041 0.06193424 0.01158164 -0.9967481 76.75906
Camera: -0.128592 1.293929 -0.1395835 0.05014155 0.06044739 0.01183812 -0.996841 76.80207
Camera: -0.127994 1.293972 -0.1394293 0.05006102 0.05966543 0.01244258 -0.9968847 76.83894
Camera: -0.1278522 1.293769 -0.1395542 0.04969573 0.05899034 0.01251236 -0.9969423 76.8901
Camera: -0.1273777 1.293848 -0.1394806 0.04924727 0.05810955 0.01303865 -0.9970095 76.93179
Noticed 77.1491
Ins 107.8493
Camera: -0.08954608 1.287282 -0.1328147 0.03810176 -0.1354051 0.01186438 -0.9899864 107.8493
Camera: -0.08971599 1.287537 -0.1330771 0.03884714 -0.1366898 0.01186913 -0.9897808 107.904
Camera: -0.08979636 1.287744 -0.1328612 0.03922531 -0.1368892 0.01029782 -0.9897559 107.9439
Camera: -0.0900282 1.287715 -0.1329191 0.03904082 -0.1359132 0.009782292 -0.9899029 107.9842
Camera: -0.09038252 1.28782 -0.1327276 0.03920228 -0.134825 0.009134966 -0.9900515 108.0357
Camera: -0.0913946 1.287683 -0.1327794 0.03904817 -0.1325099 0.008266177 -0.9903778 108.0766
Camera: -0.09181231 1.287558 -0.1326694 0.03861999 -0.1315447 0.008374 -0.9905223 108.1208
Camera: -0.0921644 1.287471 -0.1324943 0.03770468 -0.1311418 0.008227812 -0.9906122 108.171
Camera: -0.0927529 1.287018 -0.1324608 0.03612703 -0.1303124 0.008035667 -0.990782 108.2118
Camera: -0.09275845 1.287275 -0.1320351 0.03610261 -0.1308462 0.008098457 -0.9907121 108.2572
Camera: -0.09308496 1.287127 -0.1320144 0.03634991 -0.131171 0.007837985 -0.9906622 108.3134
Camera: -0.09399077 1.286997 -0.1323646 0.03636059 -0.1316882 0.006632674 -0.990602 108.3545
Camera: -0.09470737 1.286922 -0.132701 0.03574121 -0.131395 0.005063956 -0.9906726 108.3979
Camera: -0.09539589 1.286919 -0.1319556 0.0343158 -0.1282018 0.00214552 -0.9911519 108.4474
Camera: -0.09690943 1.286584 -0.1316704 0.03280291 -0.1205707 -0.0004820674 -0.9921625 108.5004
Camera: -0.09837404 1.286561 -0.131404 0.03226103 -0.1149476 -0.001638569 -0.9928463 108.5436
Camera: -0.09959641 1.286202 -0.1308386 0.03223052 -0.1078853 -0.003039174 -0.9936361 108.5882
Camera: -0.1007901 1.286332 -0.1303212 0.03187503 -0.1015043 -0.004757408 -0.994313 108.6393
Camera: -0.1025427 1.286054 -0.1291107 0.02906768 -0.0927754 -0.007966552 -0.9952308 108.6781
Camera: -0.1038623 1.285722 -0.1291244 0.02715516 -0.0880824 -0.009327136 -0.9956993 108.7229
Camera: -0.1053872 1.285581 -0.1287822 0.02589238 -0.07983812 -0.008893618 -0.9964318 108.7761
Camera: -0.1096148 1.285802 -0.1281968 0.02708044 -0.05597227 -0.00794564 -0.9980334 108.8178
Camera: -0.1127219 1.28554 -0.128015 0.02655333 -0.03635475 -0.008538547 -0.9989496 108.8544
Camera: -0.1160624 1.285392 -0.1278235 0.0258686 -0.0153029 -0.006675316 -0.999526 108.9097
Camera: -0.1219543 1.284651 -0.1278127 0.02214709 0.02207354 -0.008146689 -0.9994779 108.953
Camera: -0.1247173 1.284046 -0.1282109 0.01902695 0.03914096 -0.008152746 -0.9990193 108.9913
Camera: -0.1266555 1.283731 -0.1287314 0.01831456 0.05128759 -0.01006882 -0.9984652 109.0331
Camera: -0.1295546 1.282688 -0.1298289 0.01486596 0.07252396 -0.0141593 -0.9971554 109.0759
Camera: -0.1305076 1.282916 -0.1298666 0.0158749 0.0784648 -0.01517907 -0.996675 109.1309
Camera: -0.1312755 1.282824 -0.1307061 0.01663552 0.08383517 -0.01522443 -0.9962245 109.1719
Camera: -0.1310602 1.283021 -0.1305616 0.01791165 0.0822219 -0.01452158 -0.9963472 109.2147
Camera: -0.1304729 1.283267 -0.1306753 0.0190251 0.07941781 -0.01338503 -0.99657 109.2656
Camera: -0.1291706 1.283726 -0.1304799 0.02026069 0.07284708 -0.01113252 -0.9970752 109.3065
Camera: -0.1289287 1.283577 -0.1302498 0.0211782 0.07008068 -0.01040767 -0.9972622 109.3508
Camera: -0.1282788 1.283687 -0.1303076 0.02170758 0.06807224 -0.010808 -0.9973857 109.4047
Camera: -0.1277812 1.283624 -0.1300622 0.02140088 0.06744789 -0.009838312 -0.9974447 109.4482
Camera: -0.1276857 1.283324 -0.1300423 0.02050536 0.06746565 -0.009938685 -0.9974614 109.4996
Camera: -0.1275325 1.283114 -0.1299669 0.01912329 0.0680356 -0.01002734 -0.9974492 109.5426
Camera: -0.1274389 1.283167 -0.1298651 0.01936746 0.06887101 -0.009891788 -0.9973885 109.5866
Camera: -0.1274891 1.283048 -0.129795 0.01956935 0.06976148 -0.009688781 -0.9973248 109.6375
Camera: -0.1274429 1.282904 -0.1297804 0.01971409 0.07095007 -0.008654179 -0.9972475 109.6779
Camera: -0.1273374 1.282923 -0.129854 0.01906415 0.0710062 -0.00910176 -0.9972522 109.7228
Camera: -0.1267314 1.283057 -0.129628 0.01812422 0.07038333 -0.00822659 -0.9973214 109.7775
Camera: -0.1269586 1.283121 -0.1298401 0.01919403 0.06845582 -0.008530616 -0.997433 109.8182
Camera: -0.1268973 1.283301 -0.1297399 0.01992536 0.06788717 -0.00823211 -0.9974601 109.8671
Camera: -0.1264695 1.283434 -0.1294173 0.02053193 0.06731497 -0.008491822 -0.9974844 109.9185
Camera: -0.1266157 1.283411 -0.1292405 0.02021293 0.0672508 -0.008435132 -0.9974957 109.9619
Camera: -0.1270509 1.283195 -0.1291927 0.01935416 0.06729034 -0.008170273 -0.9975123 110.0039
Camera: -0.127223 1.283055 -0.1291901 0.01904019 0.06752752 -0.008277238 -0.9975014 110.0629
Camera: -0.1273908 1.282935 -0.1288287 0.01896124 0.06801491 -0.008890457 -0.9974645 110.1094
Camera: -0.1275579 1.282964 -0.1286564 0.01899488 0.06779951 -0.008884498 -0.9974786 110.154
Camera: -0.1278683 1.2828 -0.128812 0.01875496 0.06796438 -0.009006359 -0.9974709 110.2016
Camera: -0.1281106 1.28306 -0.1289733 0.01965186 0.06796117 -0.008758105 -0.997456 110.2466
Camera: -0.1282808 1.283105 -0.1290816 0.02014258 0.06804328 -0.008791753 -0.9974403 110.3018
Noticed 110.5705
Facebook 130.0673
Camera: -0.1101172 1.28487 -0.1354046 0.03339873 -0.03343583 0.007087123 -0.9988576 130.0673
Camera: -0.1094392 1.284695 -0.1351233 0.0334946 -0.03265731 0.006914017 -0.9988813 130.1113
Camera: -0.1091077 1.284662 -0.1349052 0.03411995 -0.03184891 0.006817725 -0.9988869 130.1653
Camera: -0.1086363 1.284806 -0.1346927 0.03466901 -0.02980339 0.008991352 -0.9989139 130.2055
Camera: -0.1085842 1.284677 -0.1344846 0.03445971 -0.02953397 0.009922503 -0.9989203 130.2547
Camera: -0.1080891 1.284652 -0.1345557 0.03451325 -0.0307569 0.01024269 -0.9988784 130.2949
Camera: -0.107839 1.28471 -0.1345498 0.03504001 -0.03152345 0.01004491 -0.9988381 130.3378
Camera: -0.1077769 1.284888 -0.1345481 0.035414 -0.03181489 0.009880456 -0.9988173 130.3859
Camera: -0.1078696 1.284865 -0.1346485 0.03604934 -0.03157642 0.009825223 -0.9988027 130.4243
Camera: -0.1080378 1.285282 -0.1346026 0.0382721 -0.02990098 0.009979526 -0.9987701 130.4673
Camera: -0.108381 1.285596 -0.1347655 0.03991636 -0.02829302 0.01024176 -0.9987499 130.5162
Camera: -0.1090176 1.28567 -0.1347258 0.04215061 -0.02617549 0.01003856 -0.9987179 130.5554
Camera: -0.1099193 1.286763 -0.1350265 0.0461643 -0.02132705 0.009719589 -0.9986589 130.5962
Camera: -0.1103419 1.287118 -0.135302 0.0471314 -0.01883567 0.01015663 -0.9986595 130.6343
Camera: -0.1108128 1.287318 -0.135737 0.04768187 -0.01689422 0.01079183 -0.9986614 130.6779
Camera: -0.1109253 1.287269 -0.1361745 0.04863255 -0.01515772 0.01110857 -0.9986399 130.7321
Camera: -0.1120794 1.287937 -0.1367443 0.05286661 -0.01218692 0.0123472 -0.9984509 130.7747
Camera: -0.1125946 1.28829 -0.1370639 0.05482139 -0.01086786 0.01232182 -0.998361 130.8157
Camera: -0.1130181 1.288515 -0.1373074 0.05639735 -0.009527892 0.0126546 -0.9982827 130.8748
Camera: -0.1139953 1.288922 -0.1377654 0.05864624 -0.007326175 0.01135839 -0.9981874 130.9332
Camera: -0.1145025 1.28936 -0.1382027 0.05934588 -0.005774026 0.009997105 -0.9981707 130.9733
Camera: -0.1146999 1.289221 -0.1385013 0.05898839 -0.005521367 0.008939989 -0.9982034 131.0183
Camera: -0.1147282 1.289173 -0.1387019 0.05846506 -0.005860284 0.008449347 -0.9982365 131.0688
Camera: -0.114597 1.28924 -0.1388645 0.05868058 -0.00599859 0.008210945 -0.998225 131.1154
Camera: -0.1145137 1.289338 -0.1388797 0.05928633 -0.005807418 0.008505922 -0.9981879 131.1694
Camera: -0.1143201 1.289482 -0.1386098 0.05857002 -0.00539173 0.008926771 -0.9982288 131.2155
Camera: -0.1140009 1.289441 -0.1384211 0.0583611 -0.005637185 0.009520885 -0.9982343 131.2591
Camera: -0.1139226 1.288897 -0.1384644 0.05780897 -0.005445862 0.01045735 -0.9982581 131.3114
Camera: -0.1138251 1.289007 -0.138358 0.05767942 -0.005516963 0.01115443 -0.9982576 131.3558
Camera: -0.1135438 1.288721 -0.1379683 0.05733197 -0.006478074 0.01134806 -0.9982697 131.4079
Camera: -0.1133269 1.288482 -0.1376482 0.056011 -0.007316023 0.01142509 -0.998338 131.4481
Camera: -0.1131303 1.288043 -0.1372619 0.05369871 -0.007820915 0.01144083 -0.998461 131.4941
Camera: -0.1132719 1.286558 -0.1370388 0.04465775 -0.007641409 0.0116154 -0.9989056 131.5415
Camera: -0.1132507 1.285852 -0.1366453 0.03994178 -0.006656136 0.01086637 -0.9991208 131.5808
Camera: -0.11341 1.285363 -0.1363275 0.03675472 -0.005702683 0.009901701 -0.999259 131.6253
Camera: -0.113904 1.284464 -0.135527 0.03352803 -0.002880018 0.008661887 -0.9993961 131.6751
Camera: -0.1142771 1.284373 -0.1351192 0.03386457 -0.001342645 0.00894117 -0.9993856 131.715
Camera: -0.1144883 1.284641 -0.1346384 0.0338168 0.0003553715 0.008862228 -0.9993887 131.7573
Camera: -0.1149634 1.28457 -0.1343798 0.03326605 0.002830728 0.01003727 -0.9993922 131.8069
Camera: -0.1150206 1.284395 -0.1344077 0.033134 0.003546308 0.01026496 -0.9993919 131.8461
Camera: -0.115173 1.284344 -0.1343939 0.03258632 0.004049123 0.01051083 -0.9994055 131.8853
Camera: -0.1152759 1.28389 -0.1347577 0.03029601 0.004037674 0.01072929 -0.9994752 131.9542
Camera: -0.1153907 1.283735 -0.1348586 0.03022327 0.003644009 0.01069414 -0.9994794 131.992
Camera: -0.1153724 1.283532 -0.1349577 0.02957257 0.003370802 0.01091265 -0.9994974 132.0331
Camera: -0.1153152 1.283777 -0.1349273 0.02922015 0.003168905 0.01093818 -0.9995081 132.0778
Camera: -0.1157158 1.283743 -0.1353356 0.02964824 0.003167091 0.01009619 -0.9995044 132.1319
Camera: -0.1160553 1.283996 -0.1353118 0.02973822 0.003878807 0.00866741 -0.9995126 132.1738
Camera: -0.1163577 1.283982 -0.1354672 0.0303034 0.004796942 0.007967938 -0.9994975 132.2268
Camera: -0.1168387 1.283855 -0.1356735 0.03088953 0.005391348 0.007551874 -0.9994798 132.2678
Camera: -0.1167437 1.283835 -0.1357513 0.03092326 0.005370272 0.00756408 -0.9994788 132.3051
Camera: -0.1167394 1.283931 -0.1358205 0.03148006 0.005121026 0.007417469 -0.9994638 132.3608
Camera: -0.1167381 1.284224 -0.1355797 0.03223748 0.005138395 0.007438101 -0.9994394 132.4
Camera: -0.1169269 1.284442 -0.1356586 0.03277288 0.004928744 0.008247582 -0.9994166 132.4562
Camera: -0.1165833 1.284468 -0.1353322 0.03191923 0.005227825 0.008850899 -0.9994376 132.4975
Camera: -0.1167302 1.2841 -0.135303 0.03155489 0.005239321 0.00892114 -0.9994485 132.5418
Noticed 132.8098
Twitter 154.7606
Camera: -0.09602222 1.291315 -0.1406522 0.07799537 -0.1092366 0.02943616 -0.9905139 154.7606
Camera: -0.09575102 1.290855 -0.1406074 0.07501049 -0.1111912 0.03058289 -0.9904922 154.8031
Camera: -0.09600198 1.290645 -0.1409918 0.07417516 -0.1123333 0.03095865 -0.9904145 154.8429
Camera: -0.09640729 1.290474 -0.1412934 0.07391119 -0.1145962 0.03025775 -0.9901966 154.8804
Camera: -0.09665078 1.290577 -0.1412916 0.07500537 -0.1157634 0.03040757 -0.989974 154.9384
Camera: -0.09661642 1.290693 -0.1410272 0.07571975 -0.1162941 0.03015249 -0.9898652 154.9784
Camera: -0.09626785 1.29073 -0.1401992 0.07701049 -0.1167375 0.0299198 -0.9897205 155.0159
Camera: -0.09600785 1.29068 -0.1397302 0.07689358 -0.116319 0.02912956 -0.9898024 155.0728
Camera: -0.09565642 1.290503 -0.1395926 0.07556841 -0.1168091 0.02843613 -0.9898669 155.1129
Camera: -0.09525856 1.290177 -0.1399067 0.07089918 -0.1196568 0.0272286 -0.9899062 155.1486
Camera: -0.09480873 1.289736 -0.1399655 0.06948578 -0.1208218 0.02671272 -0.989879 155.2061
Camera: -0.0943802 1.289438 -0.1398704 0.06855702 -0.121059 0.02663082 -0.9899169 155.2452
Camera: -0.09424937 1.289236 -0.1399614 0.06793858 -0.1203897 0.02737812 -0.9900208 155.2817
Camera: -0.09417734 1.289189 -0.1399959 0.06749529 -0.1197261 0.02809383 -0.9901115 155.3229
Camera: -0.09392983 1.289369 -0.1398886 0.06631909 -0.1184648 0.02875096 -0.9903238 155.3607
Camera: -0.09389484 1.28926 -0.1398658 0.06592488 -0.1179971 0.02922243 -0.9903922 155.4287
Camera: -0.09391287 1.289241 -0.1402462 0.06594148 -0.1189665 0.02978239 -0.9902584 155.4691
Camera: -0.09383246 1.289331 -0.1402347 0.0674626 -0.1195207 0.03019753 -0.9900767 155.5108
Camera: -0.09392858 1.2895 -0.1403508 0.06877889 -0.120536 0.03072704 -0.9898466 155.5549
Camera: -0.09416816 1.289516 -0.140425 0.06909928 -0.1210783 0.03032054 -0.9897707 155.6078
Camera: -0.09446779 1.289465 -0.1400939 0.06942915 -0.1207145 0.02957181 -0.9898147 155.6543
Camera: -0.09467643 1.289515 -0.1400854 0.06949482 -0.1194657 0.02898028 -0.9899791 155.6925
Camera: -0.09507868 1.289616 -0.1400014 0.06955804 -0.1181721 0.02843077 -0.9901458 155.747
Camera: -0.09582546 1.289498 -0.1400547 0.06884837 -0.1165161 0.02722371 -0.9904256 155.787
Camera: -0.09593007 1.289514 -0.1399506 0.068975 -0.1153289 0.02693736 -0.9905635 155.8252
Camera: -0.09618029 1.289541 -0.140125 0.06893896 -0.1138054 0.02689547 -0.9907433 155.8809
Camera: -0.09721947 1.290035 -0.139971 0.07152003 -0.1079492 0.02685873 -0.9912167 155.9221
Camera: -0.09815219 1.290379 -0.1398053 0.07376476 -0.10038 0.02620549 -0.9918649 155.9687
Camera: -0.0995205 1.290928 -0.1393633 0.07621919 -0.09129369 0.0258974 -0.9925651 156.0213
Camera: -0.1037004 1.292363 -0.1385551 0.08251827 -0.06296962 0.02564559 -0.9942675 156.0624
Camera: -0.1066103 1.293044 -0.138244 0.08589959 -0.04597025 0.02523197 -0.9949228 156.1003
Camera: -0.1095814 1.293707 -0.1380064 0.08860584 -0.02771602 0.02508151 -0.9953651 156.1552
Camera: -0.114309 1.294545 -0.137508 0.09095784 0.004689716 0.02595336 -0.9955055 156.1959
Camera: -0.1168118 1.294607 -0.1377343 0.09091847 0.0186366 0.02658288 -0.995329 156.2323
Camera: -0.1189054 1.294785 -0.1377732 0.09211599 0.0282643 0.02774655 -0.9949602 156.288
Camera: -0.1221035 1.294888 -0.1381177 0.09363904 0.04351895 0.02880749 -0.9942374 156.3288
Camera: -0.1237432 1.294543 -0.1380328 0.09395065 0.05135359 0.02864383 -0.9938388 156.366
Camera: -0.1254812 1.294967 -0.1378482 0.09536995 0.05892953 0.0290485 -0.9932714 156.42
Camera: -0.1287751 1.295004 -0.1381958 0.09465669 0.07325827 0.03044577 -0.9923439 156.4708
Camera: -0.1300034 1.294815 -0.1378928 0.09478117 0.08008623 0.03081554 -0.9917929 156.5108
Camera: -0.1321838 1.294784 -0.1382703 0.09624723 0.08999706 0.03041415 -0.9908139 156.5488
Camera: -0.133036 1.294511 -0.1384768 0.09543354 0.09371378 0.02983773 -0.9905654 156.6122
Camera: -0.1338859 1.293984 -0.1384035 0.0929837 0.09745607 0.02848866 -0.9904771 156.655
Camera: -0.1341486 1.293771 -0.1385403 0.09164987 0.09779208 0.02787128 -0.9905858 156.6966
Camera: -0.1338387 1.293715 -0.1383147 0.08967327 0.09781363 0.02778986 -0.9907669 156.7349
Camera: -0.1342035 1.293324 -0.1385272 0.08817688 0.09714269 0.02815308 -0.9909569 156.7907
Camera: -0.1339155 1.293545 -0.1384637 0.08908599 0.09459766 0.02915779 -0.9910927 156.8333
Camera: -0.1337149 1.2936 -0.1384292 0.08949387 0.09362572 0.02962734 -0.9911343 156.8791
Camera: -0.1331232 1.293466 -0.1381106 0.08984789 0.09152133 0.03095683 -0.9912583 156.932
Camera: -0.1331135 1.293346 -0.1381372 0.08983743 0.09042772 0.03143167 -0.9913446 156.972
Camera: -0.1331173 1.293064 -0.1382978 0.09033097 0.08929954 0.03141311 -0.9914026 157.0154
Camera: -0.1322265 1.293177 -0.1380856 0.08991674 0.08796001 0.02996153 -0.9916049 157.0695
Camera: -0.131746 1.293412 -0.138235 0.08955364 0.08722401 0.02963479 -0.9917126 157.1119
Camera: -0.1312111 1.293266 -0.1386637 0.08839522 0.08519635 0.02996421 -0.9919829 157.168
Camera: -0.1309178 1.293172 -0.138778 0.08884226 0.08476172 0.03071145 -0.9919573 157.2088
Camera: -0.1304987 1.293451 -0.1387617 0.08958355 0.08451135 0.03178335 -0.9918783 157.2519
Camera: -0.1301233 1.293831 -0.1391235 0.09174387 0.08302736 0.03383004 -0.9917384 157.3026
Camera: -0.1290544 1.293957 -0.138805 0.09171629 0.07866581 0.03485009 -0.9920611 157.3427
Camera: -0.1263973 1.293599 -0.1383801 0.08891788 0.06124323 0.03478935 -0.9935455 157.3871
Camera: -0.1250801 1.293401 -0.1384936 0.08759554 0.05070385 0.03436302 -0.9942713 157.4363
Camera: -0.1219621 1.292842 -0.138379 0.08622083 0.02807381 0.03455471 -0.9952808 157.491
Camera: -0.1202438 1.292558 -0.1385707 0.08441765 0.01615284 0.0341146 -0.9957153 157.5305
Camera: -0.1183613 1.292287 -0.1386535 0.08218451 0.003600781 0.0337099 -0.9960404 157.5737
Camera: -0.1166147 1.291968 -0.1387013 0.08037762 -0.008447364 0.03364687 -0.9961606 157.6268
Camera: -0.1134388 1.291312 -0.1385676 0.0778415 -0.0274919 0.03286546 -0.9960446 157.6666
Camera: -0.1119004 1.291299 -0.138426 0.07830728 -0.03498957 0.03258355 -0.9957821 157.7074
Camera: -0.109887 1.291348 -0.1382452 0.07697413 -0.04453809 0.03184678 -0.9955286 157.747
Camera: -0.1088473 1.291269 -0.1380188 0.07565713 -0.04672656 0.03150304 -0.9955401 157.7935
Camera: -0.1089287 1.290709 -0.1384576 0.07462894 -0.04798954 0.0310541 -0.9955718 157.8473
Camera: -0.1087108 1.290766 -0.1383369 0.07454673 -0.04481496 0.03139841 -0.9957151 157.8858
Camera: -0.1089121 1.291049 -0.1384478 0.07527936 -0.04146555 0.03263558 -0.9957653 157.9285
Camera: -0.1094435 1.291238 -0.1386101 0.07642786 -0.03713693 0.03372476 -0.9958124 157.9683
Camera: -0.1096536 1.291348 -0.1385169 0.07667699 -0.03329528 0.03440162 -0.9959059 158.0246
Camera: -0.1101606 1.291275 -0.1385411 0.07691701 -0.02905238 0.03412823 -0.9960296 158.0654
Camera: -0.1100531 1.291159 -0.1385477 0.07662427 -0.02909476 0.03339591 -0.9960758 158.1058
Camera: -0.1097074 1.291184 -0.1384564 0.07672796 -0.02918274 0.0331723 -0.9960727 158.1614
Camera: -0.1096266 1.29154 -0.1381651 0.07712854 -0.02767923 0.03188154 -0.9961268 158.2064
Camera: -0.11079 1.291732 -0.1379664 0.07886848 -0.02098779 0.03311046 -0.996114 158.2674
Camera: -0.1116216 1.291972 -0.1379804 0.08072906 -0.01500395 0.03283057 -0.9960823 158.311
Camera: -0.114223 1.292551 -0.1376282 0.08278899 0.002986906 0.033341 -0.9960048 158.3508
Camera: -0.1157607 1.29274 -0.1375897 0.08370797 0.01268311 0.03427513 -0.99582 158.4053
Camera: -0.1168185 1.293252 -0.1368541 0.08408381 0.02179323 0.0350936 -0.9956021 158.4438
Camera: -0.1207968 1.293292 -0.1374513 0.08637293 0.04091637 0.03497036 -0.9948078 158.4965
Camera: -0.1223827 1.293372 -0.1375047 0.08694257 0.04760225 0.03514181 -0.9944547 158.5369
Camera: -0.1237532 1.29322 -0.1376928 0.08718073 0.05377946 0.03490372 -0.9941273 158.5794
Camera: -0.126084 1.293718 -0.1374993 0.0887096 0.06257392 0.03469973 -0.9934843 158.6308
Camera: -0.1270133 1.293774 -0.1376167 0.08871962 0.0654783 0.03521204 -0.9932782 158.6716
Camera: -0.1278171 1.293647 -0.1380729 0.08934937 0.06831225 0.03428439 -0.9930633 158.7153
Camera: -0.1297301 1.293848 -0.1386952 0.08992709 0.0741052 0.03332968 -0.9926282 158.7637
Camera: -0.1303121 1.29386 -0.1388604 0.09076197 0.07661335 0.0322444 -0.9923976 158.8044
Camera: -0.1311217 1.293881 -0.1392428 0.090823 0.07879674 0.03115524 -0.9922559 158.844
Camera: -0.1324216 1.293507 -0.1402884 0.089099 0.0835762 0.03018587 -0.992051 158.883
Camera: -0.1329851 1.293651 -0.1407198 0.08855462 0.08633667 0.02962217 -0.9918804 158.9403
Camera: -0.1334865 1.29355 -0.1410241 0.08791286 0.08910197 0.02976961 -0.9916885 158.9816
Camera: -0.1344709 1.293549 -0.1414619 0.08861822 0.09367406 0.03024083 -0.99119 159.0184
Camera: -0.1346345 1.293718 -0.1414601 0.08991055 0.09525431 0.03054834 -0.9909135 159.0618
Camera: -0.134333 1.294113 -0.1411833 0.09090991 0.09635942 0.03066419 -0.9907119 159.1
Camera: -0.1344589 1.29429 -0.1413965 0.09162891 0.09716486 0.03119788 -0.9905503 159.1552
Camera: -0.1347254 1.294599 -0.1414439 0.09340427 0.09788019 0.03227855 -0.9902794 159.1955
Camera: -0.1350483 1.294588 -0.1418548 0.09389884 0.09810271 0.03269335 -0.990197 159.2367
Camera: -0.1351664 1.294503 -0.1420913 0.09387179 0.09830861 0.03282737 -0.9901747 159.2887
Camera: -0.1350218 1.29438 -0.1418315 0.0943663 0.0992112 0.03245202 -0.99005 159.3289
Camera: -0.135182 1.294626 -0.1416373 0.09435363 0.09970751 0.03298543 -0.9899837 159.3845
Camera: -0.1351611 1.294455 -0.1415063 0.09349956 0.1013756 0.03339788 -0.9898815 159.4281
Camera: -0.1352202 1.294314 -0.1411711 0.09334796 0.1019853 0.03401497 -0.9898122 159.4665
Camera: -0.1355018 1.294185 -0.1409775 0.09303817 0.1030586 0.03443265 -0.9897158 159.524
Camera: -0.1355749 1.294002 -0.1410164 0.09312426 0.1036582 0.03414384 -0.9896551 159.565
Camera: -0.1355052 1.293947 -0.140807 0.09274996 0.1037597 0.03412117 -0.9896803 159.6102
Camera: -0.1351748 1.293834 -0.1406166 0.09152789 0.1036115 0.03448802 -0.9897969 159.6624
Camera: -0.1351899 1.293741 -0.1405887 0.0909888 0.1031888 0.03558541 -0.9898519 159.7037
Camera: -0.135069 1.293737 -0.1405295 0.09072086 0.1025913 0.03606276 -0.9899213 159.7472
Camera: -0.1347304 1.293817 -0.1401881 0.090946 0.1006968 0.03695956 -0.9900622 159.7961
Camera: -0.1345758 1.293607 -0.1400777 0.09058959 0.1000327 0.03730322 -0.9901492 159.8373
Camera: -0.1341148 1.293653 -0.1395541 0.08987927 0.09936728 0.03801967 -0.9902537 159.8808
Camera: -0.133967 1.293612 -0.1398686 0.09008387 0.0962499 0.038235 -0.9905347 159.93
Camera: -0.1335597 1.293658 -0.139837 0.0902255 0.09349494 0.03795566 -0.9907964 159.9705
Camera: -0.1331219 1.293675 -0.1398537 0.09020424 0.09069958 0.03704068 -0.9910928 160.0115
Camera: -0.1320612 1.293748 -0.1398633 0.09003486 0.08530027 0.03454982 -0.9916773 160.0547
Camera: -0.1318764 1.293827 -0.1400243 0.09029242 0.08324411 0.03469452 -0.9918236 160.1112
Camera: -0.1312666 1.293709 -0.1399596 0.09061546 0.07968455 0.03391837 -0.9921133 160.1541
Camera: -0.1306361 1.293726 -0.139685 0.09026044 0.07872204 0.03400584 -0.9922195 160.1909
Camera: -0.1302544 1.293559 -0.1397047 0.08991062 0.07792912 0.03377976 -0.9923216 160.2384
Camera: -0.1299658 1.293405 -0.1398634 0.08886589 0.07824032 0.03330821 -0.9924072 160.285
Camera: -0.1293413 1.293176 -0.1394423 0.08657768 0.07863396 0.03304699 -0.992587 160.339
Camera: -0.1289342 1.293076 -0.139165 0.08634636 0.07816863 0.03337782 -0.9926328 160.3807
Camera: -0.1275703 1.292932 -0.1388546 0.08638453 0.07335934 0.03557101 -0.9929204 160.4242
Camera: -0.1264753 1.293331 -0.1384646 0.08783481 0.06832226 0.03668458 -0.993112 160.4755
Camera: -0.1237704 1.293571 -0.1380102 0.08915032 0.05229487 0.03663696 -0.9939694 160.5263
Camera: -0.1221887 1.293698 -0.1376035 0.08965366 0.04385915 0.03641428 -0.9943403 160.567
Camera: -0.1205864 1.293589 -0.1372048 0.09014227 0.03575915 0.03594429 -0.9946375 160.6289
Camera: -0.1182442 1.293451 -0.1366527 0.08978702 0.02105004 0.03608471 -0.9950845 160.6721
Camera: -0.1161932 1.293284 -0.1363818 0.08813326 0.009223972 0.03515276 -0.9954455 160.7125
Camera: -0.1154855 1.292759 -0.1363277 0.08666956 0.005234975 0.03543425 -0.995593 160.77
Camera: -0.1149971 1.292366 -0.1364126 0.08501287 0.002049966 0.03572012 -0.9957373 160.8112
Camera: -0.113777 1.292799 -0.1360052 0.08457798 -0.003606466 0.03601087 -0.9957594 160.8476
Camera: -0.1131224 1.29275 -0.1360195 0.08527703 -0.007036177 0.03564119 -0.9956948 160.9018
Camera: -0.1126921 1.292848 -0.1363938 0.08556653 -0.01012914 0.03462692 -0.995679 160.942
Camera: -0.1109847 1.293 -0.1368371 0.08520664 -0.01819542 0.03243141 -0.9956691 160.9791
Camera: -0.110093 1.293107 -0.1373815 0.08480851 -0.02339928 0.03126785 -0.9956316 161.0345
Camera: -0.1089422 1.292961 -0.1376975 0.08470707 -0.03071659 0.03106759 -0.9954477 161.0749
Camera: -0.1055621 1.292552 -0.1374263 0.08534732 -0.05159635 0.02962571 -0.9945733 161.11
Camera: -0.1032712 1.292222 -0.1373158 0.08335071 -0.06391285 0.02879923 -0.9940515 161.1694
Camera: -0.1013947 1.29133 -0.1376811 0.07949042 -0.07728661 0.02817298 -0.9934357 161.2071
Camera: -0.09716073 1.289114 -0.1384061 0.0664862 -0.1040382 0.02594239 -0.9920094 161.2487
Camera: -0.0953092 1.287688 -0.1393687 0.059371 -0.1156099 0.02520593 -0.9911984 161.2944
Camera: -0.09338245 1.286893 -0.1397102 0.05350956 -0.1255269 0.02526887 -0.9903238 161.3469
Camera: -0.09157056 1.285866 -0.1403133 0.04906694 -0.1365135 0.0301646 -0.9889624 161.39
Camera: -0.09081778 1.286129 -0.1400689 0.05144694 -0.1386855 0.03314123 -0.9884439 161.4456
Camera: -0.09035945 1.286621 -0.1398873 0.05572737 -0.1383175 0.03612851 -0.9881586 161.4859
Camera: -0.0902203 1.286872 -0.1396244 0.05668155 -0.1366197 0.03548497 -0.9883639 161.5411
Camera: -0.09026095 1.287306 -0.1393877 0.05702022 -0.1334853 0.03389598 -0.9888284 161.5796
Camera: -0.09020525 1.287445 -0.1391825 0.05659995 -0.1321313 0.03247145 -0.9890821 161.6241
Camera: -0.08991554 1.287172 -0.1389139 0.05643208 -0.1307786 0.0321108 -0.9892833 161.672
Camera: -0.08983645 1.286879 -0.1387308 0.0562618 -0.1300071 0.03196486 -0.9893994 161.7117
Camera: -0.08929923 1.286936 -0.1376565 0.0566393 -0.1294453 0.03229921 -0.9894406 161.7545
Camera: -0.0897446 1.28691 -0.1377451 0.05666677 -0.1292091 0.03215854 -0.9894745 161.8055
Camera: -0.09002152 1.286793 -0.1375072 0.05646328 -0.1295183 0.03073873 -0.9894908 161.847
Camera: -0.09010732 1.286884 -0.1373913 0.0559027 -0.1297936 0.02975766 -0.9895166 161.9021
Camera: -0.09014806 1.286879 -0.1369726 0.05594071 -0.1296495 0.02920539 -0.9895498 161.945
Camera: -0.09001663 1.287129 -0.1365118 0.05677766 -0.1292055 0.02879492 -0.9895722 161.9804
Camera: -0.09059593 1.287373 -0.1371606 0.05753748 -0.1292029 0.02847836 -0.9895378 162.0355
Camera: -0.09083351 1.287001 -0.1367737 0.0577851 -0.1289589 0.02909963 -0.9895371 162.075
Camera: -0.09122142 1.287228 -0.1367251 0.0578177 -0.1292969 0.03008856 -0.9894615 162.1106
Camera: -0.09145716 1.287123 -0.1366976 0.05719262 -0.1299525 0.03048242 -0.9893999 162.1701
Camera: -0.09134501 1.287037 -0.1366882 0.05659746 -0.1305965 0.03018956 -0.9893584 162.2089
Camera: -0.0917469 1.287106 -0.1368237 0.05719561 -0.1310014 0.02797784 -0.9893354 162.2453
Camera: -0.09200096 1.287199 -0.1368551 0.05767679 -0.1308144 0.02713274 -0.9893558 162.3019
Camera: -0.09203202 1.28754 -0.1365351 0.05801734 -0.1300786 0.02724654 -0.9894298 162.3386
Camera: -0.09297273 1.287644 -0.1373347 0.05867076 -0.1288569 0.02643028 -0.9895732 162.3799
Camera: -0.09294319 1.287448 -0.1372461 0.05884714 -0.1281464 0.02659703 -0.9896505 162.4263
Camera: -0.09313753 1.287392 -0.1372632 0.05922819 -0.1274951 0.02636492 -0.9897181 162.4796
Camera: -0.09300461 1.287933 -0.1372831 0.05930495 -0.1266376 0.02578411 -0.9898389 162.5157
Camera: -0.09325263 1.287838 -0.1373748 0.05929257 -0.1263571 0.02598662 -0.9898702 162.5682
Camera: -0.09315455 1.287918 -0.1373238 0.05912564 -0.1260146 0.02618466 -0.9899186 162.615
Camera: -0.09267008 1.287428 -0.1372877 0.05798079 -0.1268273 0.0270756 -0.9898586 162.6692
Camera: -0.09250984 1.287324 -0.1374525 0.05705949 -0.1278927 0.02792032 -0.9897516 162.7099
Camera: -0.0918282 1.287158 -0.1371474 0.05754544 -0.1296862 0.02867013 -0.9894686 162.7469
Camera: -0.09168682 1.287285 -0.1370171 0.05836404 -0.1300499 0.02867563 -0.9893727 162.8015
Camera: -0.09118602 1.287358 -0.1365645 0.05850872 -0.1300563 0.02865243 -0.989364 162.8413
Camera: -0.09157172 1.28719 -0.1369824 0.0582229 -0.1299955 0.02872427 -0.9893868 162.8781
Camera: -0.09152055 1.287088 -0.1369159 0.05757335 -0.1297174 0.02896294 -0.9894543 162.9348
Camera: -0.09120786 1.287136 -0.1364001 0.0573928 -0.1293534 0.02882268 -0.9895166 162.9797
Camera: -0.09124944 1.287087 -0.13618 0.058482 -0.1281567 0.02795252 -0.9896335 163.0175
Noticed 163.381
