Youtube 19.55162
Camera: -0.01390773 1.266605 -0.05812122 0.07791675 0.03673571 0.04018433 -0.9954721 19.55162
Camera: -0.01337403 1.267322 -0.058221 0.08060741 0.03387158 0.04080212 -0.9953343 19.60277
Camera: -0.01226944 1.267803 -0.05864061 0.08360144 0.02657549 0.04143143 -0.9952829 19.64205
Camera: -0.01143879 1.267738 -0.05891742 0.08423379 0.0218085 0.04079922 -0.9953716 19.71101
Camera: -0.009717286 1.267601 -0.05941512 0.08485799 0.01374832 0.04190224 -0.9954167 19.75661
Camera: -0.008774161 1.267722 -0.05954732 0.08519058 0.01046255 0.04183525 -0.9954311 19.79904
Camera: -0.006870627 1.267883 -0.05963983 0.08678693 0.005034185 0.04236225 -0.9953131 19.85362
Camera: -0.006251037 1.267919 -0.05982341 0.08744302 0.003504728 0.04378797 -0.9952006 19.89517
Camera: -0.005648434 1.268042 -0.05982102 0.08826379 0.003119053 0.04395762 -0.9951219 19.94867
Camera: -0.004880369 1.268091 -0.0597917 0.08877615 0.004412747 0.04618612 -0.9949705 19.99426
Camera: -0.0047279 1.268114 -0.05968286 0.0889315 0.006092754 0.04704634 -0.9949074 20.04028
Camera: -0.004543662 1.267844 -0.05953027 0.08751637 0.0071614 0.04726075 -0.9950156 20.09456
Camera: -0.004589021 1.267705 -0.05945934 0.08668303 0.007190851 0.04711329 -0.9950953 20.14089
Camera: -0.004900217 1.267737 -0.05937029 0.08706906 0.006846314 0.047161 -0.9950618 20.19036
Camera: -0.005310953 1.267684 -0.05935635 0.08657384 0.006787836 0.04626622 -0.9951474 20.23461
Camera: -0.006049752 1.267447 -0.05936886 0.08627883 0.007755287 0.04571193 -0.9951916 20.28732
Camera: -0.006376684 1.267543 -0.05933179 0.0864884 0.008421038 0.04494036 -0.9952031 20.3315
Camera: -0.006671071 1.267602 -0.0593008 0.08659846 0.008701984 0.04457505 -0.9952075 20.38638
Camera: -0.007111967 1.267575 -0.05916132 0.08515314 0.009757266 0.0442411 -0.9953374 20.4258
Camera: -0.007286727 1.2674 -0.0591134 0.08424348 0.01049181 0.04293748 -0.9954644 20.48688
Camera: -0.007484376 1.267269 -0.05909719 0.08356626 0.01141906 0.04273538 -0.99552 20.52758
Camera: -0.00746721 1.267299 -0.05908968 0.08285083 0.01179336 0.04233523 -0.9955925 20.56841
Camera: -0.007446527 1.266992 -0.0590793 0.08159677 0.01233773 0.04255832 -0.99568 20.62021
Camera: -0.007458389 1.266963 -0.05891241 0.08194331 0.01240253 0.04358565 -0.9956062 20.66158
Camera: -0.007441342 1.266954 -0.05878629 0.08179452 0.01240545 0.04331873 -0.9956301 20.70542
Camera: -0.007561266 1.266647 -0.0585288 0.0805264 0.01202552 0.0428544 -0.9957582 20.75343
Camera: -0.007747114 1.266708 -0.05836166 0.08041861 0.01248121 0.04254017 -0.9957748 20.79582
Camera: -0.007909596 1.266628 -0.05829658 0.07947167 0.01316048 0.04195887 -0.9958667 20.8533
Camera: -0.00813967 1.266126 -0.05858232 0.07663259 0.01338557 0.04084969 -0.9961324 20.89861
Camera: -0.008463144 1.265577 -0.05880655 0.07269777 0.014292 0.03922704 -0.9964799 20.93959
Camera: -0.008703411 1.265246 -0.05864193 0.07063436 0.01558582 0.03860505 -0.9966331 20.99426
Camera: -0.009135723 1.264798 -0.05861212 0.06872298 0.01741999 0.03852486 -0.9967395 21.03399
Camera: -0.010212 1.263593 -0.05842699 0.06301615 0.02203485 0.03841968 -0.9970293 21.08768
Camera: -0.01089555 1.263503 -0.05797948 0.06244477 0.02532142 0.03881207 -0.996972 21.12903
Camera: -0.01139683 1.263712 -0.05767657 0.06282812 0.02817764 0.03877906 -0.9968725 21.17453
Camera: -0.01246798 1.264029 -0.05706944 0.06303413 0.03095606 0.03784913 -0.9968129 21.22906
Camera: -0.0129413 1.263496 -0.05677952 0.06068448 0.03035936 0.03546932 -0.9970645 21.27529
Camera: -0.01302046 1.263361 -0.05675985 0.05942716 0.02939515 0.03491887 -0.9971886 21.32998
Camera: -0.0131976 1.263144 -0.05678488 0.05861366 0.02851721 0.03455355 -0.9972749 21.37458
Camera: -0.01329619 1.263116 -0.05675603 0.05836607 0.02835293 0.03482051 -0.9972849 21.42548
Camera: -0.01332885 1.26332 -0.05664207 0.05957515 0.02899276 0.03562875 -0.9971665 21.4677
Camera: -0.01314312 1.263642 -0.05646028 0.0604844 0.02899314 0.03489023 -0.9971378 21.53051
Camera: -0.01291496 1.263589 -0.05650033 0.06017097 0.02856462 0.03530579 -0.9971545 21.57235
Camera: -0.01263762 1.26347 -0.05658819 0.06010873 0.02752668 0.03528309 -0.9971883 21.62634
Camera: -0.01253325 1.263475 -0.05668046 0.06045807 0.02761033 0.03585013 -0.9971446 21.6635
Camera: -0.01213312 1.263487 -0.05654587 0.06018383 0.02827939 0.03663805 -0.9971138 21.70698
Camera: -0.01195771 1.263495 -0.05670203 0.06015198 0.02779994 0.03676971 -0.9971243 21.74918
Camera: -0.01165456 1.26368 -0.05671956 0.06062296 0.02716534 0.03627666 -0.9971313 21.80053
Camera: -0.01127452 1.263707 -0.05677356 0.06165766 0.02566056 0.03677167 -0.9970896 21.84179
Camera: -0.01138347 1.263744 -0.05686869 0.06191577 0.02600413 0.03720387 -0.9970487 21.88449
Camera: -0.01157516 1.263806 -0.05677821 0.06181007 0.02747143 0.03686567 -0.9970285 21.93013
Camera: -0.01168931 1.263749 -0.05666532 0.06192119 0.02846489 0.03701394 -0.9969882 21.97174
Camera: -0.01190495 1.263643 -0.05656733 0.06058393 0.02902194 0.03621933 -0.9970835 22.017
Camera: -0.01217049 1.263739 -0.05657674 0.06035598 0.02941242 0.03522137 -0.9971217 22.05614
Camera: -0.01288146 1.263798 -0.05647208 0.06094467 0.03136814 0.03563459 -0.9970115 22.11061
Camera: -0.01504004 1.263713 -0.05670084 0.0607945 0.04361565 0.03531257 -0.9965715 22.15102
Camera: -0.01584768 1.26379 -0.05673648 0.0604961 0.04859285 0.03382385 -0.996411 22.19478
Camera: -0.01654482 1.263876 -0.05691577 0.06073216 0.0527757 0.03273555 -0.9962202 22.24541
Camera: -0.01744395 1.26371 -0.05713059 0.06126898 0.05671954 0.0328668 -0.9959663 22.28671
Noticed 22.60818
CHI 43.96648
Camera: -0.001651406 1.263107 -0.06057467 0.0549665 -0.01728177 0.04509073 -0.9973199 43.96648
Camera: -0.001885891 1.263007 -0.06037463 0.05486408 -0.01454272 0.04522441 -0.9973632 44.01187
Camera: -0.002334535 1.262972 -0.06031622 0.05468386 -0.01211724 0.04567452 -0.997385 44.06056
Camera: -0.002435684 1.26285 -0.0604421 0.05380969 -0.0115139 0.04479996 -0.9974793 44.11768
Camera: -0.002497256 1.26277 -0.06049456 0.05369313 -0.01168454 0.04538919 -0.997457 44.16203
Camera: -0.002697051 1.262491 -0.06065954 0.05337739 -0.0131146 0.04570528 -0.9974417 44.22163
Camera: -0.003110945 1.26277 -0.06069185 0.05509248 -0.01321426 0.04504514 -0.9973772 44.26346
Camera: -0.003303826 1.262827 -0.0607449 0.05502878 -0.01281352 0.04430666 -0.997419 44.31244
Camera: -0.003426671 1.26278 -0.06078137 0.05474081 -0.01206393 0.04386769 -0.9974636 44.36896
Camera: -0.003589213 1.262634 -0.06088306 0.05370241 -0.01220525 0.04328544 -0.9975437 44.41195
Camera: -0.003662765 1.262619 -0.06073536 0.05298214 -0.01212943 0.0435595 -0.9975713 44.46605
Camera: -0.00370425 1.262343 -0.06082799 0.05173285 -0.01301995 0.04425465 -0.997595 44.51191
Camera: -0.003668368 1.262432 -0.06072725 0.05222894 -0.01303559 0.0437765 -0.9975901 44.56203
Camera: -0.00393641 1.262501 -0.06092347 0.05186679 -0.01305347 0.04494987 -0.9975565 44.6043
Camera: -0.004105926 1.262494 -0.06084873 0.05196736 -0.01280127 0.04342158 -0.9976223 44.65754
Camera: -0.004180729 1.262357 -0.06063177 0.05169518 -0.01208243 0.0427825 -0.997673 44.6938
Camera: -0.004002988 1.262194 -0.06042065 0.0515044 -0.0113062 0.04257744 -0.9977007 44.73491
Camera: -0.003510594 1.261956 -0.06014718 0.04938831 -0.01099396 0.04324291 -0.9977826 44.77947
Camera: -0.003143847 1.261517 -0.06014682 0.04649707 -0.01116946 0.04389982 -0.9978908 44.82844
Camera: -0.002623916 1.260738 -0.06021811 0.04272034 -0.01254314 0.04769807 -0.997869 44.87413
Camera: -0.002622128 1.260931 -0.06000842 0.04357151 -0.01218426 0.04949809 -0.997749 44.93975
Camera: -0.002618194 1.261018 -0.05969061 0.0443248 -0.01221475 0.04938883 -0.9977208 44.98397
Camera: -0.002763212 1.261119 -0.0596676 0.04423464 -0.01219482 0.04853047 -0.9977672 45.02404
Camera: -0.002773821 1.261062 -0.05956067 0.04395811 -0.01396396 0.04718933 -0.9978206 45.06846
Camera: -0.002556026 1.260968 -0.05956377 0.04393903 -0.01468315 0.04669429 -0.9978344 45.117
Camera: -0.002396762 1.261073 -0.05960955 0.04413738 -0.01484428 0.04621936 -0.9978454 45.15685
Camera: -0.001527429 1.261522 -0.05958034 0.04667373 -0.01618878 0.04703965 -0.9976707 45.20232
Camera: -0.0008776188 1.261472 -0.05959941 0.04705419 -0.01940096 0.04762867 -0.9975676 45.25014
Camera: 0.0002167821 1.261399 -0.05971541 0.04749497 -0.02372967 0.04932323 -0.9973708 45.29567
Camera: 0.0006113648 1.261274 -0.05974235 0.04739983 -0.02581904 0.04994259 -0.9972926 45.34859
Camera: 0.0007906556 1.261268 -0.05976214 0.04712423 -0.02699777 0.05023682 -0.9972596 45.39216
Camera: 0.0008932948 1.261658 -0.0596496 0.04808831 -0.02639593 0.05076352 -0.9972031 45.43115
Camera: 0.0009675026 1.261523 -0.05980743 0.04742902 -0.02646067 0.04975887 -0.9972835 45.48292
Camera: 0.001107037 1.261329 -0.05987133 0.04715275 -0.02568598 0.04914602 -0.9973472 45.52642
Camera: 0.0009657741 1.261429 -0.05982102 0.04795226 -0.02458281 0.05037672 -0.9972755 45.57164
Camera: 0.0007809997 1.261685 -0.05987979 0.0488295 -0.02386541 0.0503932 -0.9972496 45.62511
Camera: 0.0003554225 1.262159 -0.06000866 0.05026929 -0.02121238 0.04989263 -0.9972632 45.6695
Camera: 8.702278E-06 1.262364 -0.05980517 0.0516176 -0.01902145 0.05079069 -0.9971932 45.72007
Camera: -0.0004345775 1.262538 -0.05968799 0.05274358 -0.01700043 0.05148736 -0.997135 45.76155
Camera: -0.001258314 1.262696 -0.05967642 0.05280549 -0.01363591 0.05094386 -0.9972113 45.81012
Camera: -0.001718342 1.262542 -0.05982198 0.05260212 -0.01172563 0.05113085 -0.9972368 45.85122
Camera: -0.002144992 1.262379 -0.0598668 0.05198623 -0.01031065 0.0508887 -0.9972971 45.89645
Camera: -0.002976954 1.262802 -0.05967297 0.05344067 -0.006357698 0.05056405 -0.9972697 45.95342
Camera: -0.003593981 1.263814 -0.05953111 0.05825995 -0.001321896 0.05144595 -0.9969741 45.99503
Camera: -0.003585875 1.265356 -0.05908836 0.06478187 0.0008381771 0.05373581 -0.9964513 46.03489
Camera: -0.003589094 1.265703 -0.05898942 0.06785057 0.002229427 0.0541661 -0.9962216 46.09226
Camera: -0.003566861 1.264614 -0.05996098 0.06542215 0.002895775 0.05303022 -0.9964434 46.13572
Camera: -0.003258526 1.264228 -0.06033863 0.06377212 0.002900216 0.05354076 -0.996523 46.1748
Camera: -0.002793849 1.264162 -0.06045188 0.06463704 0.002493373 0.05442156 -0.9964207 46.2279
Camera: -0.001987815 1.264525 -0.06045033 0.0679616 0.001273576 0.05877201 -0.9959546 46.26753
Noticed 46.55301
Tiktok 62.75565
Camera: -0.02492529 1.267362 -0.06163873 0.07252271 0.0862182 0.03549415 -0.9929991 62.75565
Camera: -0.0245946 1.267869 -0.06168284 0.07353071 0.08599 0.03449347 -0.99298 62.80262
Camera: -0.02451998 1.269798 -0.06182803 0.08386175 0.08421251 0.03666136 -0.9922356 62.86829
Camera: -0.02449948 1.270573 -0.06158616 0.08860819 0.08282119 0.03782875 -0.9918963 62.91351
Camera: -0.02433413 1.267844 -0.0616423 0.07957522 0.07999886 0.03413004 -0.9930273 62.96932
Camera: -0.0243749 1.26719 -0.06145383 0.07245974 0.07773204 0.03295925 -0.9937913 63.0094
Camera: -0.02457374 1.268042 -0.0613624 0.07426567 0.07888651 0.03472274 -0.9935068 63.05231
Camera: -0.0247075 1.269741 -0.06196727 0.08319151 0.07636904 0.03574109 -0.99296 63.10389
Camera: -0.02446264 1.269415 -0.06171085 0.08825038 0.07701992 0.03512346 -0.9924949 63.14523
Camera: -0.02359563 1.267499 -0.06146623 0.08100538 0.07456173 0.03418554 -0.9933328 63.21267
Camera: -0.01918739 1.267676 -0.05996563 0.06852683 0.05476828 0.04253153 -0.9952365 63.25402
Camera: -0.01764834 1.266505 -0.05996646 0.06508611 0.0462892 0.04453884 -0.99581 63.29595
Camera: -0.01579314 1.265412 -0.05970289 0.06097623 0.03735627 0.04806341 -0.9962813 63.34858
Camera: -0.0105229 1.261932 -0.05810465 0.05146749 0.007107724 0.05318859 -0.997232 63.38763
Camera: -0.00737673 1.262837 -0.05680861 0.04884771 -0.01084652 0.05576529 -0.9971893 63.4279
Camera: -0.004688799 1.263396 -0.05562152 0.04976283 -0.02383141 0.05874241 -0.9967473 63.4717
Camera: -0.002241611 1.26276 -0.054886 0.04463673 -0.03392547 0.05872464 -0.9966986 63.5212
Camera: 0.002121687 1.259705 -0.05444814 0.02985968 -0.04950435 0.0612132 -0.9964491 63.55985
Camera: 0.003878772 1.257272 -0.05405928 0.02548323 -0.05467912 0.06507148 -0.9960555 63.60482
Camera: 0.005697906 1.256172 -0.05305852 0.02158377 -0.06170712 0.06823201 -0.9955254 63.65429
Camera: 0.008276522 1.256347 -0.05098702 0.01355356 -0.06683039 0.07131346 -0.9951203 63.69485
Camera: 0.009478807 1.254864 -0.05091728 0.004044536 -0.0712022 0.07373212 -0.9947249 63.73924
Camera: 0.01085991 1.253058 -0.05111565 -0.001779863 -0.07696539 0.07726716 -0.9940337 63.78752
Camera: 0.01255459 1.251608 -0.05123986 -0.004322566 -0.08423293 0.08028299 -0.9931973 63.83214
Camera: 0.01247185 1.252565 -0.05123509 -0.001563142 -0.08132618 0.07965012 -0.9934986 63.87466
Camera: 0.01213497 1.25403 -0.05105938 0.003084042 -0.07965879 0.07951045 -0.9936414 63.93045
Camera: 0.0110392 1.256288 -0.05056478 0.01251002 -0.07136254 0.07868353 -0.9942635 63.97211
Camera: 0.01057798 1.256581 -0.05067886 0.01424268 -0.06979664 0.07757008 -0.9944388 64.01237
Camera: 0.008606493 1.256154 -0.05078889 0.01350765 -0.06182192 0.07562421 -0.9951264 64.05952
Camera: 0.007522404 1.256343 -0.05077054 0.01259682 -0.0581696 0.07258413 -0.9955848 64.11208
Camera: 0.006602466 1.256722 -0.05089499 0.01289704 -0.05679134 0.06974471 -0.9958635 64.1524
Camera: 0.003372133 1.256977 -0.05057336 0.01221634 -0.04371275 0.06589193 -0.996794 64.20408
Camera: -0.001058102 1.257279 -0.0500492 0.01275378 -0.02300435 0.06358956 -0.9976295 64.25862
Camera: -0.003182471 1.257951 -0.04978527 0.01452358 -0.01304877 0.06175772 -0.9979002 64.30396
Camera: -0.00564009 1.258809 -0.04978575 0.01709876 -0.003092163 0.05860499 -0.9981301 64.35512
Camera: -0.0131759 1.261166 -0.04871048 0.02563259 0.03379704 0.06021238 -0.9972839 64.3949
Camera: -0.01810759 1.261899 -0.04853608 0.0286193 0.06086474 0.05950216 -0.9959598 64.44854
Camera: -0.02803719 1.262549 -0.04974653 0.02947981 0.1155715 0.0530525 -0.9914432 64.48958
Camera: -0.03168958 1.262788 -0.05091394 0.02914078 0.1359024 0.04954333 -0.9890535 64.54236
Camera: -0.03381038 1.262974 -0.05191924 0.03016158 0.1419994 0.04431585 -0.9884142 64.58308
Camera: -0.03643334 1.263409 -0.05398478 0.03331106 0.1490849 0.04000582 -0.9874531 64.62933
Camera: -0.03616196 1.263764 -0.05443205 0.0362042 0.1417312 0.03564594 -0.9886005 64.6778
Camera: -0.03626925 1.263808 -0.05480899 0.03770366 0.1384776 0.0340854 -0.9890605 64.7198
Camera: -0.03632361 1.264003 -0.05544318 0.03802477 0.131352 0.033149 -0.9900515 64.76441
Camera: -0.03646952 1.263827 -0.05597366 0.03792239 0.1302348 0.03422771 -0.9901663 64.8144
Camera: -0.0363577 1.263745 -0.05687036 0.03780321 0.1244141 0.03266334 -0.9909719 64.85521
Camera: -0.03664559 1.263952 -0.05724956 0.03948503 0.1238864 0.0322987 -0.9909843 64.90373
Camera: -0.03675765 1.26432 -0.05737044 0.04129988 0.1235563 0.03078775 -0.9909996 64.95303
Camera: -0.03683299 1.265212 -0.05742921 0.04528049 0.123717 0.02914797 -0.9908553 65.00089
Camera: -0.03669631 1.265404 -0.05753054 0.04571131 0.1236831 0.02819119 -0.9908674 65.04422
Camera: -0.03637248 1.264976 -0.05772962 0.04495031 0.1226044 0.02870976 -0.9910214 65.10632
Camera: -0.03620344 1.264615 -0.05786099 0.04411785 0.1222321 0.02938881 -0.9910849 65.15163
Camera: -0.03612638 1.264384 -0.05819406 0.04232457 0.1215784 0.02939179 -0.9912434 65.19482
Camera: -0.03586739 1.264338 -0.05830945 0.04218735 0.1210181 0.02802866 -0.9913573 65.25373
Camera: -0.03596371 1.264161 -0.05833293 0.04244279 0.1200886 0.03000906 -0.9914015 65.29522
Camera: -0.03587443 1.264274 -0.05817796 0.04251084 0.1187222 0.02943679 -0.9915802 65.34855
Camera: -0.0354535 1.264196 -0.0580783 0.04121767 0.117202 0.02907402 -0.9918264 65.38942
Camera: -0.03511822 1.264136 -0.0580336 0.04071444 0.1157818 0.02885992 -0.9920202 65.44418
Camera: -0.03481054 1.264032 -0.05795278 0.04059311 0.1141862 0.03021831 -0.9921697 65.48996
Camera: -0.03371054 1.263717 -0.05761053 0.03899928 0.1097973 0.0308715 -0.9927087 65.54111
Camera: -0.03291804 1.263561 -0.05742563 0.03880506 0.1068992 0.03106118 -0.9930267 65.58176
Camera: -0.03108889 1.263176 -0.05709948 0.03662154 0.09999492 0.03240061 -0.9937857 65.6384
Camera: -0.03029317 1.263139 -0.05708255 0.03661964 0.09772708 0.0335851 -0.9939721 65.68147
Camera: -0.02770525 1.26282 -0.0569724 0.03479918 0.08849342 0.03412719 -0.9948835 65.73283
Camera: -0.02565461 1.26197 -0.05709995 0.03144252 0.07817239 0.03334435 -0.9958858 65.77406
Camera: -0.02317899 1.261004 -0.05733921 0.02714377 0.06516165 0.03328236 -0.9969501 65.81796
Camera: -0.01795071 1.260472 -0.05709042 0.02537825 0.03309175 0.03715186 -0.9984391 65.86671
Camera: -0.01539642 1.260325 -0.05698587 0.02500341 0.01738202 0.03820853 -0.9988057 65.90764
Camera: -0.013125 1.260534 -0.05659594 0.02623508 0.002249539 0.04012876 -0.9988475 65.951
Camera: -0.00932008 1.260113 -0.05647601 0.02558106 -0.01870919 0.04067667 -0.9986696 65.99942
Camera: -0.007488489 1.260164 -0.05635025 0.02592099 -0.02738913 0.04127648 -0.9984359 66.04176
Camera: -0.005868733 1.260017 -0.05628194 0.02594885 -0.03300865 0.04185573 -0.9982411 66.08532
Camera: -0.003188312 1.25993 -0.05619957 0.0248627 -0.03857503 0.04370248 -0.99799 66.13315
Camera: -0.002340615 1.259828 -0.05629863 0.02490317 -0.03744452 0.04441559 -0.9980005 66.1754
Camera: -0.001657903 1.259733 -0.05651106 0.0244757 -0.03569741 0.04627033 -0.9979908 66.21559
Camera: -0.0009906888 1.259525 -0.05684198 0.02371188 -0.03105677 0.0492396 -0.9980224 66.27554
Camera: -0.0008952618 1.259467 -0.05713011 0.02527748 -0.02935197 0.05324285 -0.99783 66.32092
Camera: -0.0009188056 1.259846 -0.05707671 0.02699717 -0.02883279 0.0536137 -0.9977803 66.37981
Camera: -0.001465499 1.26027 -0.05724467 0.02758235 -0.02792865 0.05226082 -0.9978617 66.4239
Camera: -0.001892149 1.260158 -0.05734338 0.02732286 -0.02751907 0.05124466 -0.997933 66.46906
Camera: -0.002338469 1.259973 -0.05753519 0.02637399 -0.02690201 0.05076286 -0.9979999 66.51744
Camera: -0.003378212 1.259925 -0.05742182 0.02592199 -0.02446441 0.04905836 -0.9981598 66.55827
Camera: -0.003840625 1.259766 -0.05766155 0.02554174 -0.02338211 0.04940917 -0.9981782 66.6047
Camera: -0.004252851 1.259748 -0.05774046 0.02536733 -0.02229052 0.04968962 -0.9981937 66.65586
Camera: -0.004864097 1.259907 -0.05756308 0.02548927 -0.01973488 0.05000979 -0.9982284 66.69733
Camera: -0.005333483 1.260048 -0.05757393 0.02579024 -0.01798526 0.04924524 -0.9982917 66.75016
Camera: -0.00613457 1.260048 -0.05794384 0.02641165 -0.01399277 0.04779371 -0.99841 66.79118
Camera: -0.006546676 1.260168 -0.05799676 0.02628934 -0.01231951 0.04689551 -0.9984778 66.84527
Camera: -0.007007957 1.260187 -0.05820276 0.02625415 -0.008546992 0.04498083 -0.9986063 66.88779
Camera: -0.00725764 1.260338 -0.05825104 0.02663111 -0.007592153 0.04418893 -0.9986393 66.93913
Camera: -0.007746577 1.26042 -0.05827047 0.0275518 -0.003170129 0.04596258 -0.9985582 66.97982
Camera: -0.008194983 1.260358 -0.0588627 0.02702117 0.0005161655 0.04720328 -0.9985197 67.02452
Camera: -0.008586705 1.26044 -0.05900313 0.02689325 0.002194967 0.04796713 -0.9984844 67.07229
Camera: -0.009305537 1.260273 -0.05918016 0.02667841 0.005732772 0.04914669 -0.9984188 67.11294
Camera: -0.01137596 1.260468 -0.05925597 0.02632706 0.01455031 0.04671851 -0.9984551 67.15735
Camera: -0.01379198 1.260646 -0.05944265 0.02614565 0.02858668 0.04525996 -0.9982238 67.20555
Camera: -0.01650995 1.260609 -0.05939521 0.02517255 0.04543068 0.04205001 -0.9977646 67.24641
Camera: -0.02175134 1.259836 -0.05979837 0.01989347 0.07712877 0.03644941 -0.996156 67.29665
Camera: -0.02388203 1.259852 -0.05986346 0.01943495 0.08813342 0.03623514 -0.9952597 67.33867
Camera: -0.02605569 1.260008 -0.05992641 0.02043916 0.09721606 0.03618411 -0.9943953 67.37991
Camera: -0.02924258 1.259698 -0.06037571 0.01912827 0.1090161 0.03315046 -0.9933029 67.43976
Camera: -0.03030139 1.259454 -0.06060876 0.0175489 0.1104454 0.03121774 -0.9932368 67.48452
Camera: -0.03218406 1.259613 -0.0606202 0.01725747 0.1111818 0.02766687 -0.993265 67.53232
Camera: -0.03261739 1.259541 -0.06073584 0.01679297 0.1091911 0.02603225 -0.993538 67.58951
Camera: -0.03355974 1.259706 -0.0610819 0.01827566 0.1069438 0.02362437 -0.9938164 67.63643
Camera: -0.03356093 1.259667 -0.0611582 0.01872 0.1060638 0.02204216 -0.9939387 67.6912
Camera: -0.03367227 1.259957 -0.06152464 0.01980379 0.1048031 0.02043938 -0.9940857 67.73409
Camera: -0.03342813 1.259891 -0.06152453 0.01978923 0.1052633 0.01905953 -0.9940648 67.77984
Camera: -0.03333837 1.259758 -0.06166483 0.01808384 0.1064579 0.01894156 -0.9939723 67.83287
Camera: -0.03321904 1.259738 -0.06163408 0.01775216 0.1070577 0.01972789 -0.9938986 67.8747
Camera: -0.03306347 1.259643 -0.06155731 0.01783944 0.1068645 0.02166569 -0.9938775 67.92597
Camera: -0.03210944 1.259346 -0.06156458 0.01639119 0.1029533 0.02180462 -0.9943121 67.96713
Camera: -0.03154129 1.259274 -0.06152715 0.01584083 0.09973941 0.0216698 -0.9946515 68.0237
Camera: -0.03020281 1.259523 -0.06113268 0.01845861 0.09330396 0.02299154 -0.9952011 68.06516
Camera: -0.02883124 1.25956 -0.06103577 0.01912632 0.08559893 0.02361511 -0.9958662 68.117
Camera: -0.02536851 1.26012 -0.06081642 0.02208503 0.06739841 0.02678118 -0.9971222 68.1572
Camera: -0.02323633 1.260257 -0.06074227 0.02362256 0.05622006 0.02933789 -0.9977077 68.20154
Camera: -0.02075082 1.260387 -0.06078722 0.02484444 0.04167594 0.03082837 -0.9983464 68.25006
Camera: -0.0151605 1.260294 -0.06064905 0.02503821 0.009066369 0.03224633 -0.9991252 68.29923
Camera: -0.01292491 1.259975 -0.06064774 0.02419198 -0.002826887 0.03252193 -0.9991742 68.34095
Camera: -0.01051623 1.259679 -0.06056298 0.02365174 -0.01383129 0.03272815 -0.9990887 68.38416
Camera: -0.006138742 1.25996 -0.06030621 0.02602065 -0.03233375 0.03481154 -0.9985318 68.43228
Camera: -0.003917634 1.260138 -0.06017078 0.02705508 -0.03814039 0.03548536 -0.9982756 68.47367
Camera: -0.002095759 1.260046 -0.06020011 0.02693964 -0.0429146 0.03675312 -0.998039 68.51633
Camera: 0.0003262758 1.260221 -0.06037678 0.02773505 -0.04486096 0.04190808 -0.9977285 68.56084
Camera: 0.001094043 1.259998 -0.06063546 0.02702956 -0.04457102 0.04344306 -0.9976951 68.61981
Camera: 0.001555502 1.259434 -0.06085278 0.02514898 -0.03984541 0.04527771 -0.9978626 68.66664
Camera: 0.001376927 1.259454 -0.06113829 0.02516153 -0.03757363 0.04566658 -0.9979327 68.70892
Camera: 0.0007011294 1.259593 -0.06163825 0.02554337 -0.03453801 0.04730533 -0.9979564 68.76933
Camera: 0.0001596212 1.259711 -0.06177117 0.0262825 -0.03313068 0.04713698 -0.9979929 68.81236
Camera: -0.001311123 1.260285 -0.06195845 0.02888644 -0.02957576 0.04610597 -0.9980807 68.85654
Camera: -0.001906633 1.260598 -0.06204499 0.03049318 -0.02887265 0.04494443 -0.9981065 68.90833
Camera: -0.002563894 1.260787 -0.06186713 0.03153794 -0.02814784 0.04470753 -0.9981054 68.95157
Camera: -0.004406691 1.260407 -0.06182112 0.02770829 -0.02276717 0.04325786 -0.9984201 69.00153
Camera: -0.006231308 1.259786 -0.06169285 0.02316934 -0.01327362 0.04103654 -0.9988008 69.04218
Camera: -0.008607864 1.258918 -0.0615554 0.01819027 -0.0002600081 0.03853655 -0.9990916 69.09509
Camera: -0.01448292 1.25764 -0.06127049 0.008548712 0.0354907 0.03727157 -0.9986382 69.13676
Camera: -0.01748908 1.257819 -0.06103219 0.008103011 0.0535483 0.03499457 -0.997919 69.19001
Camera: -0.02343982 1.258505 -0.06052436 0.0107666 0.08733874 0.02966289 -0.9956787 69.23152
Camera: -0.02592087 1.258277 -0.0602528 0.009254969 0.100068 0.02640132 -0.9945872 69.28289
Camera: -0.03032398 1.25773 -0.05923535 0.003604922 0.1158218 0.02218726 -0.9930156 69.33469
Camera: -0.03256696 1.257313 -0.05883588 0.002014008 0.1215741 0.01861417 -0.9924058 69.37911
Camera: -0.03673661 1.256432 -0.05774845 -0.001302914 0.1318684 0.009697285 -0.991219 69.42412
Camera: -0.03853679 1.254898 -0.05765475 -0.01037554 0.1343107 0.005661559 -0.9908688 69.47341
Camera: -0.04045993 1.253576 -0.05751885 -0.01756584 0.1387927 0.00385585 -0.9901581 69.5142
Camera: -0.04314762 1.255349 -0.05672933 -0.008111021 0.141661 0.003994446 -0.9898739 69.56045
Camera: -0.04417938 1.256881 -0.05661716 -5.46036E-05 0.1440572 0.005017499 -0.9895567 69.612
Camera: -0.04506534 1.258115 -0.05770041 0.004587419 0.1437492 0.002989856 -0.989599 69.65547
Camera: -0.04483849 1.258063 -0.05816878 0.00463112 0.1440736 0.001743537 -0.9895546 69.69895
Camera: -0.04453975 1.257473 -0.05900015 0.002722194 0.1430838 -0.000719821 -0.9897066 69.73829
Camera: -0.04411775 1.256755 -0.05930842 0.0005711689 0.1414225 -0.003330993 -0.9899436 69.79857
Camera: -0.04347432 1.255826 -0.06040968 -0.004674482 0.141687 -0.005891546 -0.9898829 69.85073
Camera: -0.04255927 1.2563 -0.06056322 -0.001472739 0.1396543 -0.002870549 -0.9901951 69.89603
Camera: -0.04187685 1.257752 -0.06062736 0.005425699 0.1373137 -0.0008942659 -0.9905124 69.95547
Camera: -0.03992993 1.261818 -0.05987062 0.02665952 0.1295027 0.006126696 -0.9912018 69.99885
Camera: -0.03881955 1.26251 -0.06006862 0.02985516 0.1263969 0.008150646 -0.9914969 70.04132
Camera: -0.03768557 1.262105 -0.06054379 0.02814291 0.1230351 0.008956492 -0.9919628 70.09442
Camera: -0.03480357 1.259624 -0.06131305 0.01727801 0.1106356 0.00702036 -0.9936861 70.13585
Camera: -0.03273052 1.258297 -0.06161107 0.0112672 0.09975564 0.007549275 -0.9949195 70.18166
Camera: -0.02716058 1.259482 -0.06106485 0.01769264 0.06554439 0.01212143 -0.9976192 70.23397
Camera: -0.02419263 1.259797 -0.06123783 0.02087481 0.04984673 0.01561873 -0.9984165 70.2748
Camera: -0.02092272 1.259984 -0.06176545 0.02234544 0.03167124 0.01888647 -0.99907 70.33834
Camera: -0.01406795 1.261648 -0.06215669 0.03232211 -0.006022932 0.02570216 -0.9991288 70.37914
Camera: -0.007660866 1.262474 -0.06280841 0.03928677 -0.03791067 0.03331557 -0.9979526 70.43402
Camera: -0.004486978 1.262942 -0.06317295 0.04322223 -0.05178031 0.03694588 -0.9970385 70.47095
Camera: -0.001564503 1.262728 -0.06372513 0.04326368 -0.06250951 0.03808751 -0.9963785 70.51216
Camera: 0.002912164 1.262507 -0.06497921 0.04469167 -0.07906374 0.0405366 -0.9950419 70.55636
Camera: 0.004801512 1.263157 -0.06538881 0.04839445 -0.0842992 0.0411858 -0.9944121 70.60676
Camera: 0.006369054 1.263745 -0.06592812 0.05299364 -0.08855245 0.04256567 -0.9937496 70.64874
Camera: 0.008146107 1.264333 -0.06706931 0.05602693 -0.09123068 0.04589982 -0.9931924 70.69298
Camera: 0.008382916 1.263857 -0.06755008 0.05437988 -0.08950157 0.04767976 -0.9933574 70.74426
Camera: 0.008448184 1.262568 -0.06805302 0.04920094 -0.08540495 0.05026094 -0.9938607 70.78423
Camera: 0.008216918 1.26246 -0.06818737 0.04947286 -0.08333013 0.05156492 -0.9939566 70.82948
Camera: 0.007820547 1.262813 -0.06814803 0.05047131 -0.08187038 0.05149492 -0.9940313 70.87972
Camera: 0.007031202 1.263495 -0.06812681 0.05265356 -0.08046635 0.05098233 -0.9940591 70.92455
Camera: 0.006444752 1.264611 -0.06742968 0.05780718 -0.0782891 0.0532599 -0.9938272 70.97101
Camera: 0.005679905 1.265034 -0.0670668 0.06124814 -0.07440788 0.05416432 -0.9938704 71.02657
Camera: 0.005133331 1.264855 -0.06711401 0.05930385 -0.07526547 0.05096147 -0.9940931 71.07082
Camera: 0.004955769 1.264696 -0.06716003 0.05852295 -0.07636324 0.04993574 -0.9941077 71.11823
Camera: 0.00478071 1.263818 -0.06729783 0.054029 -0.0772584 0.04953222 -0.9943131 71.16405
Camera: 0.004643857 1.263533 -0.06721653 0.0523435 -0.07654674 0.04995314 -0.9944373 71.21438
Camera: 0.004879892 1.26402 -0.0669681 0.0539015 -0.07687728 0.04942711 -0.9943548 71.25556
Camera: 0.0048998 1.264494 -0.06686009 0.05612818 -0.07707642 0.04964914 -0.9942052 71.30133
Camera: 0.005085766 1.26425 -0.06718816 0.05578623 -0.07855997 0.04984418 -0.9940985 71.36005
Camera: 0.005950034 1.264608 -0.06752278 0.05864782 -0.08333343 0.0494305 -0.9935656 71.40389
Camera: 0.006883562 1.264982 -0.06782569 0.06051709 -0.087952 0.04928723 -0.9930624 71.45584
Camera: 0.007942438 1.264113 -0.06858303 0.05708714 -0.09354857 0.05014744 -0.9927109 71.49792
Camera: 0.008420825 1.26353 -0.0686381 0.05441306 -0.09448171 0.05061193 -0.9927492 71.55219
Camera: 0.008910596 1.263151 -0.06869234 0.0534807 -0.09468954 0.05205961 -0.9927052 71.59148
Camera: 0.008978546 1.263283 -0.06861545 0.05330925 -0.09349924 0.05199229 -0.9928308 71.64534
Camera: 0.008336961 1.263356 -0.06854071 0.05376296 -0.08857196 0.05258079 -0.993227 71.68573
Camera: 0.008253753 1.26392 -0.06821717 0.05619414 -0.08665738 0.05287857 -0.9932455 71.73123
Camera: 0.007981956 1.263907 -0.06838085 0.05622204 -0.08605384 0.05245725 -0.9933187 71.77776
Camera: 0.007652223 1.2638 -0.06872012 0.05613775 -0.08496675 0.05173556 -0.9934549 71.8184
Camera: 0.007522285 1.263871 -0.06896438 0.05681434 -0.08506449 0.0519024 -0.9933994 71.86258
Camera: 0.007469356 1.263595 -0.06931676 0.05546067 -0.08568244 0.05177727 -0.9934293 71.9107
Camera: 0.007608891 1.26289 -0.06976654 0.05241782 -0.08677135 0.05130568 -0.9935245 71.95129
Camera: 0.007612646 1.263377 -0.06965531 0.05516654 -0.08684336 0.0516694 -0.9933505 72.00739
Camera: 0.007566035 1.264213 -0.06962742 0.05931647 -0.08720685 0.05201546 -0.9930614 72.04976
Camera: 0.00751853 1.265981 -0.06913079 0.06919914 -0.08682166 0.05364471 -0.9923688 72.08891
Camera: 0.007540882 1.266004 -0.06920613 0.06942008 -0.08671512 0.0527628 -0.9924099 72.13128
Camera: 0.007688046 1.265885 -0.06924786 0.06823623 -0.08771323 0.05176571 -0.9924569 72.17063
Camera: 0.007809222 1.266236 -0.06928815 0.06973685 -0.08827873 0.05222736 -0.9922782 72.22858
Camera: 0.007967174 1.265582 -0.06960584 0.06654496 -0.08822162 0.05084414 -0.9925743 72.27487
Camera: 0.008200824 1.264912 -0.07002546 0.06395786 -0.08858173 0.05067754 -0.9927208 72.32336
Camera: 0.008378208 1.264767 -0.07029273 0.06324368 -0.08872848 0.05117604 -0.9927278 72.38112
Camera: 0.008944452 1.264162 -0.07067098 0.06035169 -0.09093739 0.05239031 -0.9926447 72.43422
Camera: 0.009072781 1.264408 -0.07052769 0.06247909 -0.0906748 0.05402477 -0.9924494 72.47423
Camera: 0.008892715 1.264854 -0.07061149 0.06547959 -0.09028355 0.05400366 -0.9922928 72.5216
Camera: 0.008693635 1.265033 -0.07069077 0.06651936 -0.08947128 0.05436333 -0.9922776 72.57417
Camera: 0.008393109 1.265198 -0.07048024 0.0676095 -0.08874232 0.05416648 -0.9922801 72.61877
Camera: 0.00809902 1.265191 -0.07017387 0.06724159 -0.08731125 0.05381206 -0.9924513 72.67289
Camera: 0.008014977 1.265078 -0.07009913 0.06593052 -0.08723702 0.0535204 -0.9925616 72.71362
Camera: 0.007988811 1.26439 -0.07013048 0.06281505 -0.08770748 0.05327844 -0.9927352 72.76622
Camera: 0.008018672 1.264211 -0.07001115 0.06198589 -0.08779746 0.05373745 -0.9927546 72.80336
Camera: 0.008098423 1.263992 -0.06982388 0.06142041 -0.08846126 0.05393522 -0.9927201 72.84344
Camera: 0.008266032 1.264214 -0.06909706 0.06198707 -0.08936393 0.05410234 -0.992595 72.88792
Camera: 0.008148372 1.263937 -0.06859364 0.06038471 -0.08884494 0.05475631 -0.9927045 72.93646
Camera: 0.008060515 1.263544 -0.06808771 0.05715806 -0.08891039 0.05529174 -0.9928599 72.97628
Camera: 0.007880628 1.263245 -0.06689848 0.05479155 -0.08773298 0.05411975 -0.9931626 73.02184
Camera: 0.007710397 1.262548 -0.06666817 0.05204427 -0.08778189 0.05388142 -0.993319 73.07045
Camera: 0.007902563 1.262678 -0.06602491 0.0515173 -0.08766464 0.05354412 -0.9933751 73.11106
Camera: 0.008224666 1.263043 -0.06515504 0.05235728 -0.08752103 0.05238535 -0.9934056 73.16389
Camera: 0.00836134 1.262622 -0.06516995 0.05043525 -0.08844031 0.05278356 -0.9934025 73.20709
Camera: 0.00852257 1.262661 -0.06510867 0.05046597 -0.08967604 0.05366952 -0.9932427 73.24533
Camera: 0.008945286 1.262652 -0.06528057 0.0512813 -0.09093561 0.05328449 -0.9931071 73.28972
Camera: 0.009191215 1.262864 -0.06538953 0.05252478 -0.09143687 0.0539791 -0.9929586 73.33299
Camera: 0.009506881 1.263238 -0.06555416 0.05515305 -0.09274518 0.05457494 -0.9926621 73.39908
Camera: 0.00999409 1.26392 -0.06565155 0.05968434 -0.09482465 0.0554754 -0.9921535 73.44247
Camera: 0.009666741 1.262093 -0.06616808 0.0499045 -0.09432749 0.05446656 -0.9927967 73.49102
Camera: 0.009467065 1.261844 -0.06601192 0.04832783 -0.09275824 0.05444282 -0.9930239 73.53321
Camera: 0.009249508 1.262305 -0.06559409 0.04993302 -0.09086452 0.0539358 -0.9931472 73.58899
Camera: 0.008489311 1.262126 -0.06495143 0.04845231 -0.08730931 0.05421538 -0.9935241 73.6315
Camera: 0.008175075 1.26213 -0.06485106 0.04761956 -0.08666377 0.05336124 -0.9936672 73.68478
Camera: 0.00785023 1.2629 -0.06389572 0.0508144 -0.08630715 0.05258651 -0.9935812 73.73049
Camera: 0.007721961 1.263199 -0.06349052 0.05195776 -0.08587046 0.05222882 -0.9935789 73.78062
Camera: 0.007471263 1.262506 -0.06357433 0.04951281 -0.08612595 0.0522476 -0.9936805 73.82111
Camera: 0.007388949 1.262402 -0.06359757 0.04900179 -0.08616854 0.05203367 -0.9937134 73.87702
Camera: 0.007223904 1.262565 -0.06351282 0.04896407 -0.08473789 0.05185596 -0.9938475 73.91805
Camera: 0.007217586 1.262876 -0.06348838 0.04967708 -0.08367933 0.05152499 -0.9939191 73.96922
Camera: 0.007070482 1.263043 -0.06345071 0.05134692 -0.0825202 0.05217912 -0.993897 74.01017
Camera: 0.007010877 1.262782 -0.06345476 0.05062623 -0.08193806 0.05193673 -0.9939948 74.05448
Camera: 0.006991029 1.262934 -0.06352259 0.05080985 -0.08229191 0.05216522 -0.9939443 74.10285
Camera: 0.007043123 1.263053 -0.06350686 0.05182029 -0.08232165 0.05294674 -0.9938483 74.14309
Camera: 0.006937027 1.262598 -0.06365801 0.05011091 -0.08278828 0.05331558 -0.9938775 74.18774
Camera: 0.006763995 1.262796 -0.06348409 0.05011585 -0.08178448 0.052503 -0.9940036 74.23619
Camera: 0.006396711 1.263028 -0.06329168 0.05057387 -0.08021086 0.05204671 -0.9941326 74.27715
Camera: 0.005953372 1.26347 -0.06340255 0.05178862 -0.07826624 0.05143233 -0.994257 74.32539
Camera: 0.005812407 1.263942 -0.06335033 0.05550589 -0.07728113 0.05242532 -0.9940817 74.37366
Camera: 0.00585109 1.264458 -0.06345786 0.05846725 -0.07845368 0.05212161 -0.993836 74.4278
Camera: 0.00588721 1.264491 -0.06354798 0.0585014 -0.07866633 0.05099847 -0.9938754 74.4694
Camera: 0.005836427 1.263996 -0.06406428 0.0560575 -0.07934614 0.05081637 -0.9939716 74.51538
Camera: 0.005838871 1.263726 -0.06428303 0.0557472 -0.07909793 0.05305813 -0.9938917 74.56979
Camera: 0.005651534 1.262982 -0.06447078 0.05344061 -0.07861263 0.05373757 -0.9940203 74.61702
Camera: 0.005713403 1.26284 -0.06410004 0.05219769 -0.07685344 0.0529261 -0.9942675 74.67586
Camera: 0.006131947 1.2636 -0.06380059 0.05475342 -0.07778542 0.05237 -0.994087 74.723
Camera: 0.006189406 1.263597 -0.0637653 0.05559278 -0.07806708 0.05228828 -0.9940226 74.76862
Camera: 0.006151974 1.263619 -0.06364025 0.05618636 -0.07825022 0.05352928 -0.9939088 74.82092
Camera: 0.006184638 1.263558 -0.06367506 0.05554544 -0.07821563 0.0532205 -0.9939641 74.86598
Camera: 0.006118476 1.263374 -0.06361164 0.05461235 -0.07780424 0.05335807 -0.9940407 74.91828
Camera: 0.006014645 1.263 -0.06359281 0.05328099 -0.07753214 0.05344515 -0.9941295 74.96004
Camera: 0.00609386 1.262952 -0.06351079 0.05322503 -0.07773753 0.0539069 -0.9940916 75.01276
Camera: 0.006139576 1.263285 -0.06335379 0.05514292 -0.07786272 0.05415618 -0.9939637 75.05317
Camera: 0.006011546 1.264077 -0.06292166 0.0590196 -0.07634155 0.05541636 -0.9937896 75.10702
Camera: 0.005188763 1.264887 -0.06251599 0.06277609 -0.0706486 0.05619049 -0.993937 75.14742
Camera: 0.004606307 1.264269 -0.06283559 0.05988046 -0.06831105 0.05599102 -0.9942902 75.18831
Camera: 0.004181564 1.263365 -0.06310262 0.0553067 -0.06642463 0.05474345 -0.9947523 75.23291
Camera: 0.003590822 1.262066 -0.06369843 0.05001044 -0.06451995 0.05279661 -0.9952632 75.27995
Camera: 0.002295911 1.261575 -0.06429543 0.0464108 -0.0567072 0.05112868 -0.9960001 75.32018
Camera: 0.001749158 1.261499 -0.06462468 0.04632543 -0.05333915 0.05140632 -0.9961758 75.36446
Camera: 0.001279891 1.262453 -0.06459297 0.05094698 -0.05018613 0.05207185 -0.9960795 75.42478
Camera: 0.0001030564 1.264236 -0.06428041 0.06154402 -0.04157916 0.05364713 -0.9957939 75.46955
Camera: -0.0005599856 1.263976 -0.06445338 0.05978683 -0.0389283 0.05329789 -0.9960269 75.50718
Camera: -0.001670957 1.263364 -0.06472696 0.05675925 -0.03612632 0.05286021 -0.9963328 75.55165
Camera: -0.002454102 1.263098 -0.06497921 0.05627674 -0.03451559 0.05242738 -0.9964402 75.60018
Camera: -0.00307399 1.263006 -0.06509151 0.05564692 -0.03372538 0.05102852 -0.9965752 75.64767
Camera: -0.004124105 1.263798 -0.06540693 0.05736142 -0.03306035 0.04691007 -0.9967027 75.6881
Camera: -0.004588664 1.264074 -0.06525387 0.05940418 -0.03168279 0.04731903 -0.9966084 75.74663
Camera: -0.005422831 1.26433 -0.06493248 0.06160231 -0.02920889 0.04743333 -0.9965451 75.79205
Camera: -0.005636036 1.264297 -0.06487836 0.06155225 -0.02859685 0.04692854 -0.9965898 75.83335
Camera: -0.005782604 1.264299 -0.06488194 0.06130804 -0.02827136 0.04615798 -0.9966502 75.89121
Camera: -0.0062626 1.264014 -0.06517996 0.05976736 -0.02612509 0.04541899 -0.9968362 75.93255
Camera: -0.006390691 1.263946 -0.06543399 0.05922569 -0.02395022 0.04509712 -0.9969378 75.98522
Tiktok 109.2135
Camera: -0.001479685 1.269973 -0.0733005 0.09655341 -0.04236808 0.05499655 -0.9929037 109.2135
Camera: -0.001361668 1.270006 -0.07329454 0.09675143 -0.04328107 0.05498692 -0.9928456 109.2514
Camera: -0.001071393 1.270136 -0.07328965 0.09677327 -0.04503744 0.05485052 -0.9927729 109.2903
Camera: -0.0001921654 1.269836 -0.07333352 0.09491288 -0.04887618 0.0534716 -0.9928462 109.342
Camera: 0.0003815293 1.269538 -0.0733328 0.09419663 -0.05097492 0.0539004 -0.9927856 109.3951
Camera: 0.001493394 1.269459 -0.07312466 0.09458116 -0.05252572 0.05522903 -0.9925952 109.4324
Camera: 0.001689136 1.269355 -0.07305862 0.09396651 -0.05238541 0.05644044 -0.9925929 109.4749
Camera: 0.001967132 1.269226 -0.07305242 0.0931838 -0.05179812 0.0568181 -0.992676 109.5291
Camera: 0.002032816 1.269032 -0.07288291 0.09301623 -0.05140448 0.05966674 -0.9925449 109.5704
Camera: 0.002232611 1.269266 -0.07275118 0.09322935 -0.05156234 0.05884343 -0.9925659 109.6164
Camera: 0.002106607 1.269367 -0.07287683 0.09342189 -0.05218052 0.05850018 -0.9925358 109.6677
Camera: 0.001550734 1.269489 -0.07296135 0.0942677 -0.05173318 0.05728621 -0.9925501 109.7107
Camera: 0.001326144 1.269452 -0.07314683 0.09443542 -0.05055104 0.05679093 -0.9926235 109.7605
Camera: 0.000721693 1.269319 -0.07315721 0.09424909 -0.04725501 0.05747479 -0.9927642 109.7977
Camera: 0.0002589822 1.269279 -0.0733458 0.09466023 -0.04355193 0.05755578 -0.9928898 109.8386
Camera: -0.0001338124 1.269297 -0.07350649 0.09481649 -0.0411446 0.05786993 -0.9929593 109.8828
Camera: -0.00062567 1.269488 -0.07386233 0.09503434 -0.03877897 0.05770399 -0.9930433 109.9305
Camera: 0.01682097 1.265753 -0.06983675 0.08270927 -0.1072843 0.07301255 -0.9880883 111.9712
Camera: 0.0153985 1.266148 -0.06995048 0.0832545 -0.1011929 0.07299366 -0.9886863 112.0125
Camera: 0.0144881 1.266787 -0.06975783 0.08584262 -0.09664679 0.07273646 -0.9889388 112.0666
Camera: 0.01194942 1.268073 -0.06906427 0.09199156 -0.08348608 0.07315983 -0.9895531 112.1201
Camera: 0.01031214 1.268569 -0.06895031 0.09394939 -0.07523412 0.07222398 -0.9900995 112.1602
Camera: 0.007320106 1.269906 -0.06844999 0.09873572 -0.0616196 0.06997602 -0.9907359 112.2097
Camera: 0.005251169 1.270742 -0.06799091 0.1024749 -0.05123773 0.07037478 -0.9909193 112.25
Camera: 0.003242493 1.271077 -0.06789543 0.1040522 -0.04231972 0.06888787 -0.9912803 112.2936
Camera: -0.0005461574 1.271677 -0.06777109 0.1042031 -0.02596722 0.06517655 -0.9920784 112.3418
Camera: -0.002475798 1.271984 -0.06753315 0.104968 -0.01811368 0.06325114 -0.9922968 112.3828
Camera: -0.004396021 1.272416 -0.06741394 0.1056893 -0.01089035 0.0614367 -0.9924398 112.4261
Camera: -0.007691085 1.272542 -0.0680833 0.1039644 0.0007854329 0.0577224 -0.9929043 112.4751
Camera: -0.00922066 1.272231 -0.06835939 0.1019726 0.004577329 0.05701854 -0.9931412 112.5162
Camera: -0.01067907 1.271919 -0.06867625 0.09990241 0.007721194 0.05567766 -0.9934083 112.5722
Camera: -0.01286006 1.271576 -0.06936528 0.0983231 0.009091548 0.0529114 -0.9937054 112.6173
Camera: -0.01374578 1.271757 -0.06956078 0.09979075 0.00907066 0.05125097 -0.9936463 112.6579
Camera: -0.01475114 1.272398 -0.06962492 0.1034034 0.006843915 0.04945496 -0.9933857 112.7019
Camera: -0.01516169 1.272733 -0.06979956 0.1045097 0.005942862 0.04830839 -0.9933321 112.7468
Camera: -0.01537204 1.272726 -0.06982459 0.1042253 0.005211323 0.04705575 -0.9934263 112.8043
Camera: -0.01527405 1.272082 -0.07002999 0.1021016 0.004079239 0.04555231 -0.9937221 112.846
Camera: -0.01520127 1.271691 -0.07027914 0.1011495 0.00371977 0.04524838 -0.9938348 112.9047
Camera: -0.0146867 1.271274 -0.07077755 0.09867673 0.003941718 0.04581342 -0.9940566 112.9547
Camera: -0.01418346 1.271159 -0.07108451 0.09841666 0.003816367 0.04645013 -0.9940534 113.007
Camera: -0.0132885 1.271515 -0.07124771 0.1003165 0.001877507 0.04776529 -0.9938066 113.049
Camera: -0.01266366 1.271559 -0.07119168 0.1012369 -0.0002012795 0.04813919 -0.993697 113.1102
Camera: -0.01157218 1.271324 -0.07135405 0.1003219 -0.00511786 0.04884516 -0.9937422 113.1493
Camera: -0.01076877 1.271365 -0.07132329 0.100119 -0.007896937 0.04977018 -0.9936985 113.2018
Camera: -0.009714782 1.27089 -0.07135715 0.09847687 -0.01190576 0.05126965 -0.9937465 113.245
Camera: -0.008978903 1.270384 -0.07168318 0.09691188 -0.01567562 0.05118081 -0.9938526 113.2845
Camera: -0.008004487 1.269841 -0.07184686 0.09491305 -0.02087544 0.05209552 -0.9939023 113.3372
Camera: -0.004582226 1.268481 -0.07230677 0.08950654 -0.0389079 0.05442052 -0.993737 113.3746
Camera: -0.002388477 1.267549 -0.0726756 0.08534352 -0.05376526 0.05567706 -0.9933408 113.4158
Camera: -0.0001401305 1.266463 -0.0731528 0.08082888 -0.06848115 0.05614509 -0.9927863 113.4606
Camera: 0.004065573 1.264962 -0.07376327 0.07470305 -0.09593157 0.05780658 -0.9908961 113.5062
Camera: 0.005978644 1.264101 -0.07405104 0.07187684 -0.1076757 0.05877993 -0.9898407 113.5466
Camera: 0.007663846 1.263578 -0.07419886 0.07002036 -0.1179933 0.06076723 -0.988677 113.5906
Camera: 0.01092488 1.263128 -0.07371964 0.06863864 -0.1333258 0.06241434 -0.9867206 113.6393
Camera: 0.01235873 1.262764 -0.07328214 0.06742513 -0.1374466 0.06332024 -0.986181 113.6824
Camera: 0.01364309 1.262214 -0.0728227 0.06410529 -0.139711 0.06292462 -0.9861094 113.7232
Camera: 0.01574266 1.261209 -0.07219686 0.05652506 -0.141646 0.06589632 -0.9861029 113.7755
Camera: 0.01622301 1.260551 -0.07184471 0.0534743 -0.1419946 0.06913303 -0.9860014 113.819
Camera: 0.01660508 1.25976 -0.07155861 0.05017707 -0.1416661 0.07086364 -0.9860991 113.8617
Camera: 0.01747948 1.258746 -0.07086648 0.04507352 -0.1422679 0.07165987 -0.9862014 113.9186
Camera: 0.0178234 1.258352 -0.07040109 0.04296058 -0.1432885 0.07166807 -0.9861473 113.9607
Camera: 0.01830298 1.258303 -0.06972553 0.04124382 -0.1429616 0.07298056 -0.9861718 114.0142
Camera: 0.01820642 1.258347 -0.06940569 0.04069041 -0.1419059 0.07355768 -0.9863044 114.0615
Camera: 0.01759821 1.258478 -0.06878759 0.04159714 -0.1394487 0.07234921 -0.9867063 114.1253
Camera: 0.01724428 1.258856 -0.06827761 0.04204661 -0.1378498 0.07044179 -0.9870499 114.1682
Camera: 0.01720542 1.258852 -0.06816007 0.04232 -0.1373041 0.06957396 -0.9871758 114.2121
Camera: 0.01702708 1.258599 -0.06814255 0.04099465 -0.1369378 0.06930802 -0.9873013 114.2668
Camera: 0.01666522 1.258484 -0.06820299 0.04027283 -0.1335453 0.07017294 -0.9877346 114.3115
Camera: 0.01664668 1.258569 -0.06817771 0.04001242 -0.1331961 0.06942905 -0.9878449 114.3617
Camera: 0.01648867 1.258866 -0.06790139 0.04156768 -0.1316478 0.07027724 -0.9879282 114.4021
Camera: 0.01654398 1.258918 -0.06786038 0.04248993 -0.1325031 0.07009742 -0.9877874 114.4557
Camera: 0.01654404 1.258973 -0.06791033 0.042723 -0.1333451 0.06994797 -0.9876747 114.4964
Camera: 0.01660508 1.259098 -0.06789972 0.04390749 -0.1329621 0.06998108 -0.987672 114.5485
Camera: 0.01659149 1.259124 -0.06792451 0.04369226 -0.1325843 0.06984613 -0.9877419 114.5852
Camera: 0.01650184 1.259263 -0.06772937 0.04410254 -0.1314344 0.07011932 -0.9878579 114.6277
Camera: 0.01616997 1.259683 -0.06769575 0.04638707 -0.1295701 0.07014874 -0.9879975 114.674
Camera: 0.01597041 1.259828 -0.06766428 0.04781556 -0.128055 0.07031279 -0.9881153 114.7203
Camera: 0.01579851 1.2601 -0.06764545 0.04975544 -0.1269391 0.07023023 -0.9881693 114.7598
Camera: 0.01521981 1.260863 -0.0673696 0.05174937 -0.1229527 0.07140677 -0.9884866 114.804
Camera: 0.01480848 1.260872 -0.06736661 0.05184494 -0.1202785 0.07115453 -0.9888287 114.8549
Camera: 0.01452845 1.260771 -0.06738414 0.05169301 -0.1191652 0.07012749 -0.9890448 114.8969
Camera: 0.01435077 1.260737 -0.06728186 0.05158254 -0.1183041 0.0703155 -0.9891406 114.9427
Camera: 0.0143553 1.260921 -0.06741776 0.05191243 -0.1187686 0.07012317 -0.9890813 114.9815
Camera: 0.01422387 1.261117 -0.06731905 0.05273389 -0.1181151 0.07028609 -0.9891046 115.0416
Camera: 0.01327676 1.262211 -0.06699945 0.05806322 -0.1126146 0.07184535 -0.9893356 115.0856
Camera: 0.01225823 1.263191 -0.06673564 0.06244171 -0.1052754 0.0724393 -0.9898337 115.1232
Camera: 0.00960201 1.265294 -0.06606962 0.07207573 -0.08860417 0.07294 -0.9907746 115.1779
Camera: 0.008200586 1.266204 -0.06592692 0.07610401 -0.07895053 0.07343452 -0.991253 115.2257
Camera: 0.00507021 1.266991 -0.06636275 0.08079811 -0.06460712 0.07426333 -0.9918581 115.2787
Camera: 0.003635287 1.267949 -0.06648184 0.08527841 -0.05682779 0.07325533 -0.9920343 115.3229
Camera: 0.001008987 1.268131 -0.06754972 0.08631029 -0.04672322 0.07273398 -0.9925106 115.3775
Camera: -4.667044E-05 1.268342 -0.0681776 0.08654884 -0.04432624 0.07102594 -0.9927235 115.4161
Camera: -0.0008091331 1.268453 -0.06882025 0.08705653 -0.04263455 0.07020603 -0.9928115 115.4702
Camera: -0.001602948 1.268661 -0.06986894 0.08905242 -0.04578045 0.06906875 -0.9925741 115.5104
Camera: -0.001659811 1.268987 -0.07016982 0.09149759 -0.04694428 0.06730735 -0.9924183 115.5611
Camera: -0.001816094 1.269497 -0.07101454 0.0931453 -0.05127886 0.06651862 -0.9921037 115.6033
Camera: -0.00195998 1.269413 -0.07132436 0.09359453 -0.05238672 0.06557079 -0.9920666 115.6581
Camera: -0.002227962 1.269022 -0.07192458 0.09207007 -0.05177411 0.06581955 -0.992225 115.6992
Camera: -0.002244353 1.268996 -0.07227184 0.09183155 -0.05142632 0.06566884 -0.9922751 115.7492
Camera: -0.002113521 1.269058 -0.07241859 0.09195147 -0.05164867 0.06545034 -0.9922669 115.7912
Camera: -0.0019539 1.268934 -0.07242645 0.09174459 -0.05129254 0.06623734 -0.9922523 115.8357
Camera: -0.001628518 1.268842 -0.07249333 0.09092955 -0.05270799 0.06626937 -0.992251 115.8845
Camera: -0.001270831 1.268536 -0.07263388 0.08968186 -0.05403523 0.06579725 -0.9923247 115.9247
Camera: -0.0006272197 1.268084 -0.07247521 0.08704458 -0.05890669 0.0669751 -0.9922034 115.9691
Camera: -0.0004341006 1.268069 -0.07238747 0.08795857 -0.0599234 0.06670167 -0.9920803 116.0178
Camera: -6.848574E-05 1.268007 -0.07229592 0.08784816 -0.06118334 0.06624834 -0.9920436 116.0583
Camera: 0.0002821088 1.267793 -0.07241477 0.08655362 -0.06193964 0.06627291 -0.9921088 116.1014
Camera: 0.0005523562 1.267545 -0.0723045 0.08513509 -0.0630569 0.06657943 -0.9921407 116.1626
Camera: 0.001074791 1.266849 -0.07258476 0.08294243 -0.06765874 0.06704759 -0.9919917 116.2079
Camera: 0.001628816 1.266244 -0.07283987 0.07949811 -0.07251304 0.06705747 -0.9919301 116.251
Camera: 0.002293587 1.26545 -0.07306565 0.07526665 -0.0792838 0.0667733 -0.9917613 116.3075
Camera: 0.004204392 1.26417 -0.07321765 0.07012851 -0.09384777 0.06674835 -0.990868 116.3477
Camera: 0.005293012 1.263552 -0.07331575 0.06760968 -0.1046358 0.06763646 -0.9899018 116.3952
Camera: 0.007787943 1.263132 -0.07308246 0.06502399 -0.1206835 0.06654672 -0.9883213 116.4485
Camera: 0.0085935 1.262469 -0.07306708 0.06195645 -0.1251682 0.06581466 -0.9880095 116.4931
Camera: 0.008350313 1.261624 -0.07231797 0.05565634 -0.1180988 0.06468908 -0.9893283 116.5467
Camera: 0.006624401 1.261323 -0.07164158 0.05163063 -0.1024459 0.06439076 -0.9913087 116.5916
Camera: 0.001709282 1.260829 -0.0700487 0.04454564 -0.06704795 0.06873042 -0.9943824 116.6425
Camera: -0.0008770823 1.260341 -0.06937028 0.03909141 -0.05057013 0.06712873 -0.9956949 116.6817
Camera: -0.003021657 1.259919 -0.06876148 0.03460006 -0.03688902 0.06617327 -0.9965256 116.7357
Camera: -0.005654991 1.258536 -0.06812276 0.02622566 -0.02035598 0.06733327 -0.9971781 116.7785
Camera: -0.006046951 1.257653 -0.06809141 0.02134354 -0.01865646 0.06921148 -0.9971992 116.8324
Camera: -0.006121576 1.256163 -0.06807865 0.01206083 -0.02243432 0.06776168 -0.9973764 116.8738
Camera: -0.006588399 1.255653 -0.06768383 0.008701431 -0.02243329 0.06711853 -0.9974549 116.9238
Camera: -0.01028234 1.256124 -0.06610526 0.007689319 -0.003649195 0.06399351 -0.997914 116.9652
Camera: -0.01312846 1.256169 -0.06552424 0.00619368 0.01272929 0.06120823 -0.9980246 117.0095
Camera: -0.01584285 1.256835 -0.06469907 0.007286646 0.02876686 0.05627235 -0.9979744 117.0581
Camera: -0.0210278 1.256743 -0.06367101 0.005838275 0.05805028 0.0520204 -0.9969403 117.0998
Camera: -0.02245086 1.2565 -0.06328644 0.001975254 0.06454955 0.04981083 -0.9966686 117.146
Camera: -0.02374607 1.255139 -0.06251134 -0.00644333 0.06761477 0.04518748 -0.9966669 117.2071
Camera: -0.02309972 1.253663 -0.06216575 -0.0126309 0.05977544 0.04399687 -0.9971618 117.248
Camera: -0.02160317 1.251516 -0.06199957 -0.02313093 0.04622569 0.04010685 -0.9978575 117.3029
Camera: -0.01724154 1.247086 -0.06157888 -0.04707485 0.01308874 0.03711946 -0.9981157 117.347
Camera: -0.0141688 1.245736 -0.06118597 -0.053 -0.006952368 0.03746229 -0.9978674 117.3931
Camera: -0.007238328 1.245467 -0.06008448 -0.05357175 -0.05122653 0.03903114 -0.9964851 117.4438
Camera: -0.003930509 1.245566 -0.0598097 -0.05206024 -0.07229716 0.03802239 -0.9952976 117.4882
Camera: 0.002538145 1.246385 -0.05965032 -0.04769029 -0.1062488 0.03809096 -0.9924646 117.5352
Camera: 0.004983068 1.246315 -0.06004335 -0.04764031 -0.1185579 0.03822626 -0.9910666 117.5918
Camera: 0.008506417 1.246308 -0.06070448 -0.04476704 -0.128308 0.04142803 -0.989857 117.6345
Camera: 0.009739935 1.246117 -0.06116928 -0.04587377 -0.1302845 0.04096884 -0.9895672 117.6907
Camera: 0.01095712 1.245808 -0.06200446 -0.04661692 -0.1286675 0.0428146 -0.9896659 117.7354
Camera: 0.0111497 1.24594 -0.06215121 -0.04555235 -0.1253842 0.04440523 -0.9900666 117.7868
Camera: 0.01125282 1.246387 -0.06213774 -0.04336973 -0.11905 0.04744652 -0.9908053 117.8322
Camera: 0.01136893 1.246426 -0.06215729 -0.04318807 -0.1180823 0.04847951 -0.990879 117.887
Camera: 0.01145089 1.246556 -0.06212832 -0.0424611 -0.118566 0.04982808 -0.9907857 117.932
Camera: 0.01189941 1.246614 -0.06194092 -0.04176462 -0.121269 0.05105104 -0.9904259 117.9865
Camera: 0.01204032 1.246327 -0.06198992 -0.04295597 -0.1235723 0.05120152 -0.9900824 118.0278
Camera: 0.01227266 1.245708 -0.06201817 -0.04589627 -0.1268688 0.05055542 -0.9895666 118.0791
Camera: 0.01244807 1.245583 -0.06205358 -0.04623394 -0.1287217 0.0513689 -0.9892697 118.1204
Camera: 0.0123654 1.245832 -0.06212606 -0.04484565 -0.1291249 0.05161761 -0.9892681 118.1658
Camera: 0.01252747 1.246527 -0.0623094 -0.04251867 -0.1280189 0.05015089 -0.9895899 118.2279
Camera: 0.01269013 1.246924 -0.06281854 -0.0402237 -0.1264136 0.05150692 -0.9898226 118.269
Camera: 0.01289529 1.247078 -0.06304742 -0.03937263 -0.1265916 0.05132321 -0.9898436 118.314
Camera: 0.01304376 1.247122 -0.06331612 -0.03867197 -0.1265743 0.0518473 -0.9898461 118.3653
Camera: 0.01332456 1.247373 -0.06371476 -0.03752144 -0.1263919 0.05336436 -0.9898331 118.4059
Camera: 0.01339322 1.247302 -0.0640377 -0.03669966 -0.1264912 0.05351306 -0.9898432 118.4512
Camera: 0.01343197 1.247513 -0.06431045 -0.03575186 -0.1263441 0.05366899 -0.9898882 118.5027
Camera: 0.01341748 1.247957 -0.06453742 -0.0326828 -0.1263969 0.0548557 -0.9899225 118.5467
Camera: 0.01313943 1.248143 -0.06474532 -0.03191128 -0.1265482 0.05527268 -0.9899052 118.5928
Camera: 0.01291341 1.248501 -0.0651039 -0.02953069 -0.1261025 0.05475207 -0.9900648 118.6473
Camera: 0.01295847 1.248693 -0.065156 -0.02887101 -0.1254297 0.05451668 -0.9901828 118.6948
Camera: 0.01287013 1.248797 -0.06521882 -0.02804936 -0.1245289 0.0545921 -0.9903159 118.7518
Camera: 0.01287633 1.249108 -0.06522013 -0.02705263 -0.1232095 0.05581074 -0.9904407 118.7916
Camera: 0.01279849 1.249271 -0.06536056 -0.02641463 -0.1214338 0.05502623 -0.9907211 118.8361
Camera: 0.01275253 1.249394 -0.06535162 -0.02536936 -0.120492 0.0554742 -0.9908384 118.888
Camera: 0.01304621 1.250212 -0.06553854 -0.02115961 -0.1197423 0.05573982 -0.9910132 118.9314
Camera: 0.01289147 1.250469 -0.06554104 -0.01998251 -0.119378 0.05558577 -0.9910902 118.9841
Camera: 0.01260597 1.250628 -0.06533994 -0.01868939 -0.1175722 0.05527445 -0.9913487 119.0252
Camera: 0.01200849 1.250906 -0.06547345 -0.01692409 -0.1145257 0.05577305 -0.9917091 119.0789
Camera: 0.01166815 1.250981 -0.06563534 -0.01677949 -0.1134992 0.05540858 -0.99185 119.1211
Camera: 0.0112595 1.250875 -0.06609859 -0.01680633 -0.1133053 0.05589517 -0.9918444 119.1756
Camera: 0.01119238 1.250928 -0.06637861 -0.01647065 -0.1142691 0.05573055 -0.9917487 119.2242
Camera: 0.0108996 1.251491 -0.06664874 -0.01375779 -0.1151141 0.05488946 -0.9917392 119.2649
Camera: 0.01071256 1.251688 -0.06689335 -0.01324202 -0.115381 0.05458162 -0.9917322 119.3058
Camera: 0.01056546 1.252009 -0.06709863 -0.0119416 -0.1143011 0.05446118 -0.9918804 119.3473
Camera: 0.01046038 1.252208 -0.06723382 -0.01025823 -0.1134091 0.05484649 -0.9919804 119.398
Camera: 0.01032531 1.25245 -0.06780888 -0.008204631 -0.1128378 0.05426309 -0.9920967 119.4388
Camera: 0.01025277 1.252731 -0.06800725 -0.00669771 -0.1120618 0.05452095 -0.9921818 119.483
Camera: 0.009944975 1.253119 -0.06795742 -0.004127136 -0.110334 0.05522388 -0.9923506 119.5311
Camera: 0.007882655 1.255367 -0.06763901 0.00666391 -0.09541082 0.05635051 -0.9938194 119.5734
Camera: 0.006439984 1.256325 -0.06760205 0.0114324 -0.08601464 0.05865625 -0.9945 119.6179
Camera: 0.004912913 1.256944 -0.06776358 0.01472901 -0.07689232 0.06020981 -0.9951108 119.6668
Camera: 0.001542807 1.258146 -0.06774129 0.0225847 -0.05525487 0.06167985 -0.9963095 119.7086
Camera: -0.0004380345 1.258784 -0.06777038 0.02629014 -0.04415625 0.0633492 -0.9966674 119.7498
Camera: -0.002251685 1.25966 -0.06780149 0.03164931 -0.03201803 0.06554582 -0.9968335 119.8084
Camera: -0.005774558 1.260663 -0.06835832 0.03983261 -0.00870833 0.07088099 -0.9966511 119.8535
Camera: -0.008794546 1.261638 -0.06949057 0.04499491 0.009601741 0.07309675 -0.9962631 119.8992
Camera: -0.01015657 1.262543 -0.06964935 0.04820895 0.01787301 0.07093421 -0.996155 119.9459
Camera: -0.01187879 1.264162 -0.0695671 0.05540402 0.0272429 0.0704103 -0.9956057 120.0016
Camera: -0.0162341 1.266777 -0.06901492 0.06856155 0.05259136 0.06924651 -0.9938504 120.0455
Camera: -0.01849306 1.267318 -0.06911553 0.07095489 0.06604359 0.06596062 -0.9931027 120.097
Camera: -0.02234334 1.267221 -0.06933786 0.0672254 0.08495778 0.06107778 -0.9922361 120.1383
Camera: -0.02407867 1.267427 -0.0694169 0.06782782 0.09274298 0.06015018 -0.9915544 120.1909
Camera: -0.02664703 1.268075 -0.06867839 0.0702832 0.1022964 0.05733737 -0.99061 120.2459
Camera: -0.02776366 1.267839 -0.06835426 0.06833677 0.1066838 0.05613432 -0.9903523 120.2867
Camera: -0.02867389 1.267249 -0.06800391 0.06483013 0.1089953 0.05517824 -0.9903901 120.3409
Camera: -0.03018183 1.265645 -0.06742562 0.05569368 0.1124081 0.05135216 -0.9907702 120.3826
Camera: -0.03064662 1.26463 -0.06697573 0.04954765 0.1117719 0.04876516 -0.9912992 120.4317
Camera: -0.03169292 1.26332 -0.06619217 0.0412053 0.1126638 0.04496964 -0.9917594 120.4727
Camera: -0.03221774 1.262815 -0.0658219 0.03857088 0.1142727 0.04350146 -0.9917468 120.5171
Camera: -0.03260726 1.262563 -0.06535591 0.03711819 0.1156387 0.04335483 -0.9916503 120.5646
Camera: -0.03313518 1.262736 -0.06478263 0.03697689 0.1169309 0.04340984 -0.9915017 120.6105
Camera: -0.03309804 1.262923 -0.06473078 0.03731808 0.1161898 0.04215197 -0.9916303 120.6531
Camera: -0.03322482 1.263033 -0.0647148 0.03768903 0.1159495 0.04190126 -0.991655 120.7042
Camera: -0.03308934 1.262697 -0.06478621 0.03647314 0.1142443 0.04141856 -0.9919186 120.7451
Camera: -0.03306776 1.262586 -0.06476189 0.03560286 0.1141583 0.04050133 -0.991998 120.7897
Camera: -0.03332084 1.262118 -0.06540693 0.03344648 0.1153849 0.04008913 -0.9919479 120.8445
Camera: -0.03328204 1.262246 -0.06556179 0.03430396 0.1156793 0.04111242 -0.9918424 120.891
Camera: -0.03329259 1.262637 -0.06608225 0.03605904 0.1152767 0.04120319 -0.9918233 120.9345
Camera: -0.03308487 1.262822 -0.06599869 0.0373973 0.1148379 0.04099499 -0.9918333 120.9912
Camera: -0.03286999 1.263085 -0.06605925 0.03933132 0.1132591 0.04208072 -0.9918945 121.0387
Camera: -0.03268367 1.26338 -0.06622578 0.04034802 0.1123944 0.04158159 -0.9919731 121.0824
Camera: -0.03230435 1.263308 -0.06612886 0.04053104 0.1104729 0.04168757 -0.992177 121.1252
Camera: -0.03138083 1.263194 -0.06630184 0.04069276 0.1066908 0.04132389 -0.9925994 121.1799
Camera: -0.03081864 1.263292 -0.06628658 0.04144259 0.1043757 0.04114653 -0.9928219 121.2214
Camera: -0.02998358 1.263621 -0.06626739 0.0417228 0.09908197 0.04231318 -0.9933034 121.2747
Camera: -0.02967936 1.263525 -0.06632759 0.04215863 0.09767313 0.04226061 -0.9934268 121.3174
Camera: -0.02931923 1.263561 -0.06646015 0.04293401 0.09624461 0.04353083 -0.9934781 121.3708
Camera: -0.02879626 1.264101 -0.06652857 0.0446622 0.09506269 0.04417277 -0.9934874 121.4127
Camera: -0.02851552 1.264233 -0.06663539 0.04573112 0.09447575 0.0441623 -0.9934952 121.4682
Camera: -0.02807051 1.264595 -0.06693663 0.04851613 0.09358441 0.04528363 -0.993397 121.5105
Camera: -0.02783966 1.264702 -0.06726851 0.04888607 0.09217452 0.04529667 -0.9935101 121.5673
Camera: -0.02716535 1.264762 -0.06767 0.04966903 0.08997995 0.04642791 -0.9936202 121.6066
Camera: -0.02684027 1.264951 -0.06785573 0.05063409 0.0879348 0.04656667 -0.9937481 121.6461
Camera: -0.02669048 1.265132 -0.06787492 0.05232741 0.087386 0.04684008 -0.9936959 121.6922
Camera: -0.02630323 1.265532 -0.06825699 0.05428314 0.08705447 0.04768638 -0.9935799 121.7389
Camera: -0.02621305 1.265763 -0.06827308 0.05564833 0.08635654 0.04786218 -0.9935568 121.7817
Camera: -0.0260579 1.266052 -0.06815375 0.05703821 0.08609638 0.04858775 -0.9934653 121.8258
Camera: -0.02605885 1.266318 -0.06753995 0.06110279 0.08594698 0.05147969 -0.9930909 121.8737
Camera: -0.02667916 1.266473 -0.06746139 0.06337063 0.0897679 0.05200065 -0.9925835 121.9151
Camera: -0.02768034 1.266939 -0.06734122 0.06600873 0.09548674 0.05145002 -0.9919063 121.9599
Camera: -0.03133017 1.268581 -0.067001 0.073207 0.1172604 0.04929629 -0.9891717 122.0079
Camera: -0.03317821 1.268764 -0.06683983 0.07424378 0.1280755 0.04777569 -0.9878269 122.0494
Camera: -0.03499907 1.268909 -0.06667484 0.07591119 0.1378548 0.04673159 -0.9864329 122.0931
Camera: -0.03873903 1.269794 -0.06555237 0.08518114 0.155311 0.0445407 -0.9831779 122.1542
Camera: -0.04146343 1.269329 -0.06370319 0.0876068 0.1616666 0.03968206 -0.9821479 122.2018
Camera: -0.04277343 1.269106 -0.06222846 0.08515473 0.1632876 0.03865723 -0.9821362 122.2462
Camera: -0.04443437 1.268635 -0.05834927 0.07862309 0.162195 0.03773404 -0.9828975 122.3026
Camera: -0.04478925 1.269222 -0.05597641 0.07835014 0.1607691 0.03934903 -0.9830902 122.3491
Camera: -0.04485267 1.269602 -0.05365027 0.07959235 0.1579606 0.0411719 -0.983371 122.3979
Tiktok 137.0847
Camera: -0.01565433 1.253332 -0.06694604 -0.005266618 0.008665577 0.04350483 -0.9990018 137.0847
Camera: -0.01310474 1.253132 -0.06701268 -0.006240322 -0.001063613 0.04565134 -0.9989374 137.1285
Camera: -0.01198584 1.25326 -0.06705751 -0.005348465 -0.005248452 0.04636202 -0.9988967 137.1662
Camera: -0.01109701 1.253477 -0.0671909 -0.003530155 -0.007951051 0.04767485 -0.9988251 137.2277
Camera: -0.009275377 1.253516 -0.06758894 -0.002394838 -0.01564997 0.05028401 -0.9986095 137.2693
Camera: -0.008521378 1.253525 -0.06777121 -0.001474839 -0.0189091 0.05107506 -0.9985147 137.308
Camera: -0.007906199 1.253814 -0.0677482 -0.0007157445 -0.02122136 0.05119837 -0.9984628 137.3602
Camera: -0.006701767 1.254021 -0.06777872 0.0004303868 -0.02685321 0.05092187 -0.9983415 137.4039
Camera: -0.006176293 1.254347 -0.06759156 0.002322062 -0.02876436 0.05127551 -0.9982675 137.4529
Camera: -0.004633129 1.254626 -0.06805183 0.004139931 -0.0335576 0.05157312 -0.9980967 137.5152
Camera: -0.002050638 1.255685 -0.06844868 0.01066997 -0.0451311 0.05121147 -0.9976106 137.5558
Camera: -0.0006012321 1.255919 -0.06876577 0.01170377 -0.0516901 0.05142887 -0.9972694 137.612
Camera: 0.001475632 1.255628 -0.06970347 0.01187024 -0.06132205 0.05377399 -0.9965978 137.6574
Camera: 0.00222832 1.255169 -0.07033791 0.01038234 -0.06537669 0.05429306 -0.9963285 137.7017
Camera: 0.002732694 1.254873 -0.07070352 0.01024289 -0.06706859 0.05630031 -0.996106 137.7464
Camera: 0.003054082 1.254585 -0.07115425 0.008283105 -0.06823444 0.0573687 -0.9959841 137.8038
Camera: 0.002831757 1.254704 -0.07102658 0.008387656 -0.06673205 0.05798908 -0.9960491 137.8451
Camera: 0.001900136 1.254935 -0.0706376 0.009595478 -0.06237091 0.05755151 -0.9963462 137.901
Camera: 0.001455605 1.254974 -0.07044472 0.009928646 -0.06109031 0.05580182 -0.9965218 137.9441
Camera: 0.000919044 1.255339 -0.07024373 0.01047097 -0.05930079 0.05555473 -0.9966381 137.9971
Camera: 0.0004621148 1.255362 -0.0699506 0.01006892 -0.0575617 0.05495889 -0.9967772 138.034
Camera: 0.0002760291 1.255271 -0.06985559 0.009584383 -0.05712746 0.05496118 -0.9968069 138.0754
Camera: 0.0001274943 1.255238 -0.0697415 0.009255788 -0.05724825 0.05479309 -0.9968123 138.1187
Camera: -0.0001122952 1.255065 -0.06962444 0.008213894 -0.05685601 0.053329 -0.9969233 138.1669
Camera: -0.0002556443 1.255088 -0.06964459 0.007958313 -0.05651989 0.05371983 -0.9969235 138.212
Camera: -0.0003839731 1.254947 -0.06988527 0.007800947 -0.05574971 0.05396968 -0.9969546 138.2654
Camera: -0.0005747676 1.254945 -0.07003583 0.008245375 -0.05540281 0.05388534 -0.9969749 138.3052
Camera: -0.0007826686 1.255049 -0.07005979 0.008795273 -0.05486321 0.05384763 -0.9970021 138.342
Camera: -0.0008744597 1.255133 -0.06994952 0.009489022 -0.05460333 0.05436672 -0.9969819 138.3937
Camera: -0.001224101 1.25515 -0.07002617 0.01013079 -0.05445566 0.05427176 -0.9969888 138.4355
Camera: -0.001348019 1.255213 -0.07000853 0.01014662 -0.05390659 0.05452907 -0.9970044 138.4742
Camera: -0.00156939 1.255259 -0.07008208 0.009284033 -0.05374814 0.05453956 -0.9970208 138.5384
Camera: -0.001811862 1.25531 -0.06997003 0.009107055 -0.05245052 0.05338133 -0.9971542 138.5871
Camera: -0.002000868 1.255139 -0.07008101 0.008595485 -0.05181109 0.05288963 -0.9972184 138.6294
Camera: -0.002070487 1.255354 -0.07013477 0.009037172 -0.0517763 0.05293585 -0.9972138 138.6833
Camera: -0.002046645 1.255269 -0.06999387 0.009175604 -0.05103115 0.05246337 -0.9972759 138.724
Camera: -0.002083838 1.255248 -0.06996204 0.009175508 -0.05121507 0.05352039 -0.9972103 138.764
Camera: -0.002098262 1.255203 -0.06989361 0.009156502 -0.05058267 0.05353894 -0.9972418 138.8008
Camera: -0.001886725 1.255229 -0.0698141 0.008635768 -0.05107256 0.05302598 -0.9972489 138.8593
Noticed 139.1409
Youtube 156.0847
Camera: -0.03385162 1.262835 -0.06992318 0.04192007 0.1244258 0.04269085 -0.9904234 156.0847
Camera: -0.03381276 1.263279 -0.07007374 0.04400679 0.1251313 0.04384953 -0.9901933 156.1373
Camera: -0.03356868 1.263268 -0.07090892 0.04525056 0.1238787 0.04433234 -0.9902733 156.1884
Camera: -0.03346616 1.263427 -0.07128944 0.04599004 0.122616 0.04397215 -0.9904124 156.2415
Camera: -0.03302824 1.263796 -0.07204069 0.04873984 0.1210617 0.04428202 -0.9904583 156.2878
Camera: -0.03283769 1.263981 -0.07230581 0.04990871 0.1201891 0.04445283 -0.9904987 156.3354
Camera: -0.03261894 1.264098 -0.07246937 0.05097289 0.1195151 0.04407825 -0.9905428 156.3776
Camera: -0.03200799 1.264172 -0.07318367 0.05243029 0.1180712 0.04484306 -0.9906056 156.4214
Camera: -0.03174657 1.264354 -0.07343508 0.05371132 0.1171148 0.04584115 -0.9906048 156.4679
Camera: -0.03143293 1.264465 -0.07358564 0.05487331 0.1163483 0.04668678 -0.9905919 156.5117
Camera: -0.0308702 1.264676 -0.0735773 0.05624044 0.1146221 0.04665018 -0.9907182 156.557
Camera: -0.03063089 1.264757 -0.07359864 0.05672625 0.1137108 0.0462839 -0.9908127 156.6124
Camera: -0.03023988 1.264904 -0.07353391 0.05637805 0.1130341 0.04752906 -0.9908511 156.6638
Camera: -0.03010958 1.264853 -0.07349242 0.05581751 0.1130144 0.04663841 -0.9909274 156.7122
Camera: -0.03032482 1.2647 -0.07358612 0.05570645 0.1136326 0.04774433 -0.9908103 156.765
Camera: -0.03025168 1.264799 -0.07352127 0.05624066 0.1130028 0.0472908 -0.9908739 156.8044
Camera: -0.02992958 1.264966 -0.07362451 0.05713378 0.1103102 0.04697717 -0.9911411 156.8605
Camera: -0.02967364 1.264953 -0.07363786 0.05756672 0.1086781 0.04748647 -0.991272 156.9033
Noticed 157.1916
