Tiktok 22.33396
Camera: -0.03600192 1.271717 -0.02717204 0.1297899 0.1529777 0.004709854 -0.9796582 22.33396
Camera: -0.03654063 1.272 -0.02611752 0.128608 0.15388 0.005720688 -0.9796674 22.37641
Camera: -0.03635359 1.271865 -0.02595575 0.1287009 0.1535029 0.005225125 -0.9797171 22.42046
Camera: -0.03604949 1.271721 -0.02600576 0.1282948 0.1519261 0.005016359 -0.9800172 22.4711
Camera: -0.03582859 1.271565 -0.02612872 0.1278289 0.1501255 0.004913205 -0.980356 22.51143
Camera: -0.03586054 1.271889 -0.02639337 0.1290993 0.1494051 0.005130141 -0.9802985 22.55828
Camera: -0.03604567 1.272275 -0.0264696 0.1297376 0.149297 0.004659886 -0.9802331 22.616
Camera: -0.03596914 1.272598 -0.0266896 0.1310682 0.147022 0.003117917 -0.980406 22.661
Camera: -0.03535104 1.272817 -0.02677365 0.1322704 0.1445025 0.00237418 -0.9806212 22.71019
Camera: -0.0348469 1.273251 -0.0271609 0.1343538 0.141728 0.002812133 -0.9807417 22.76384
Camera: -0.03443789 1.273612 -0.02730609 0.1354162 0.1401021 0.003047621 -0.9808285 22.80167
Camera: -0.03388262 1.274169 -0.02749528 0.1378466 0.1377474 0.003415015 -0.9808223 22.84201
Camera: -0.03313923 1.274316 -0.02773 0.1392693 0.1358628 0.003845 -0.9808826 22.89663
Camera: -0.03223443 1.2745 -0.02798678 0.140469 0.1338766 0.004105558 -0.9809836 22.93879
Camera: -0.03116667 1.274698 -0.02789964 0.1410666 0.1281202 0.005091503 -0.9816616 22.98623
Camera: -0.0302887 1.275073 -0.02794077 0.1426315 0.1248543 0.004304795 -0.98186 23.03779
Camera: -0.02855384 1.275383 -0.02847286 0.1456624 0.1184027 0.002642911 -0.9822201 23.07924
Camera: -0.02784514 1.275502 -0.02882673 0.1470519 0.1160813 0.001801255 -0.9822921 23.12225
Camera: -0.02726769 1.275833 -0.02899857 0.1484686 0.1135889 0.001139588 -0.9823713 23.17231
Camera: -0.0268122 1.276121 -0.02912618 0.149704 0.1106028 0.000297935 -0.9825252 23.21184
Camera: -0.02652228 1.275971 -0.02931376 0.1506508 0.1096867 0.0001881825 -0.9824831 23.24917
Camera: -0.02625358 1.275594 -0.02947868 0.1500402 0.1099666 0.0001859735 -0.9825453 23.3061
Camera: -0.02583516 1.27548 -0.02938546 0.148129 0.1095888 0.0005040268 -0.9828774 23.34648
Camera: -0.02562726 1.275486 -0.02945615 0.1476458 0.109392 0.0006199545 -0.9829719 23.39276
Camera: -0.02538192 1.275745 -0.02963169 0.1492032 0.1098863 0.0007127855 -0.9826815 23.44141
Camera: -0.02553976 1.275931 -0.02986713 0.1504784 0.1106363 0.0003090694 -0.9824031 23.49875
Camera: -0.02579594 1.276047 -0.0299678 0.1507331 0.1107885 -0.000894342 -0.9823465 23.53962
Camera: -0.02591527 1.275975 -0.03003658 0.1504759 0.1103483 -0.001093342 -0.9824353 23.58326
Camera: -0.0260514 1.275863 -0.02995051 0.1496932 0.1096734 -0.001304849 -0.9826302 23.63231
Camera: -0.02585423 1.275462 -0.02988435 0.1482445 0.1071558 -0.001402637 -0.9831273 23.67428
Camera: -0.02599537 1.275166 -0.02987136 0.1459386 0.1067536 -0.001600636 -0.9835157 23.73056
Camera: -0.02646732 1.275098 -0.02958854 0.1460946 0.1072605 -0.001696694 -0.9834372 23.77403
Camera: -0.02693903 1.274972 -0.02953602 0.1462768 0.1092166 -0.002150726 -0.9831939 23.81719
Camera: -0.02741385 1.274813 -0.02947666 0.1457027 0.1119077 -0.002564056 -0.9829755 23.89196
Camera: -0.02917993 1.273996 -0.02868254 0.1417854 0.118612 -0.003212063 -0.9827603 23.92966
Camera: -0.03042543 1.273319 -0.0272844 0.1373529 0.1249473 -0.00238924 -0.9826071 23.97069
Camera: -0.03124475 1.272445 -0.02605762 0.1340144 0.1274699 -0.001090356 -0.9827464 24.01306
Camera: -0.03167689 1.271753 -0.0248502 0.1291766 0.1299306 -0.0004261591 -0.9830724 24.05685
Camera: -0.03215742 1.271101 -0.02376504 0.124785 0.1319128 0.0007877828 -0.9833754 24.10719
Camera: -0.03268695 1.270467 -0.02201904 0.1196908 0.1346003 0.001979881 -0.9836428 24.14773
Camera: -0.03301084 1.270102 -0.02130564 0.1181226 0.1353124 0.001327055 -0.9837357 24.19197
Camera: -0.03303492 1.26982 -0.02079566 0.1172626 0.1354474 0.0009988355 -0.9838204 24.24172
Camera: -0.03321934 1.269375 -0.01990737 0.1156478 0.1347096 0.000673698 -0.9841131 24.28286
Camera: -0.03354514 1.268963 -0.01948066 0.1137426 0.1338655 0.0006243837 -0.9844503 24.32616
Camera: -0.03364301 1.268508 -0.01924796 0.1122201 0.1333589 0.0003145406 -0.9846939 24.37648
Camera: -0.03393734 1.268184 -0.01923801 0.1104856 0.1324691 0.0001110636 -0.9850101 24.41744
Camera: -0.03447545 1.268112 -0.01933689 0.1101901 0.1329884 -0.0006218161 -0.9849731 24.45451
Camera: -0.03471959 1.268066 -0.01965792 0.1103555 0.1336706 -0.001287478 -0.9848616 24.51089
Camera: -0.03491473 1.268204 -0.0201856 0.1113586 0.1347517 -0.002466214 -0.984599 24.56151
Camera: -0.03519642 1.268402 -0.0202408 0.1118014 0.1353628 -0.002768123 -0.9844642 24.60167
Camera: -0.03488433 1.268734 -0.02049448 0.1131458 0.1345789 -0.002820479 -0.9844179 24.66543
Camera: -0.03367877 1.270244 -0.02062781 0.1164361 0.1282627 -0.001923596 -0.9848795 24.70708
Camera: -0.03204465 1.271511 -0.0202129 0.1226694 0.1188919 -0.002649275 -0.9852969 24.74299
Camera: -0.02917922 1.273059 -0.01945825 0.1337062 0.1012217 -0.007204015 -0.9858118 24.79849
Camera: -0.02136302 1.275203 -0.01926591 0.1462065 0.05616846 -0.01472902 -0.9875484 24.83973
Camera: -0.01779711 1.276706 -0.019646 0.1523129 0.03512236 -0.01631817 -0.9875733 24.87539
Camera: -0.01482952 1.277831 -0.02049352 0.1578988 0.01988206 -0.01806977 -0.9870898 24.92982
Camera: -0.01132119 1.27919 -0.02190901 0.1660721 0.0002949189 -0.0219504 -0.9858692 24.97363
Camera: -0.01024294 1.278747 -0.02244444 0.1664427 -0.005098352 -0.02512615 -0.9857178 25.03454
Camera: -0.009323239 1.278602 -0.02338834 0.1639636 -0.008623159 -0.02915164 -0.9859979 25.07792
Camera: -0.008674145 1.278142 -0.02369131 0.1623641 -0.01261952 -0.03004137 -0.9861928 25.11467
Camera: -0.008815169 1.278052 -0.02377917 0.1618641 -0.01290386 -0.02816162 -0.9863268 25.17243
Camera: -0.008620739 1.278738 -0.0239457 0.1633869 -0.0148332 -0.02550516 -0.9861208 25.21211
Camera: -0.00876677 1.278751 -0.02399488 0.1643053 -0.01406656 -0.02541183 -0.9859818 25.24889
Camera: -0.009206057 1.278865 -0.02374007 0.1643696 -0.01371925 -0.02575429 -0.9859671 25.30315
Camera: -0.009396076 1.27943 -0.02319999 0.165378 -0.01370287 -0.02628784 -0.9857846 25.34384
Camera: -0.009361863 1.2794 -0.02313592 0.1647139 -0.01363065 -0.02540205 -0.98592 25.38067
Camera: -0.009279966 1.279378 -0.0229844 0.1642825 -0.0147244 -0.02505161 -0.9859852 25.43487
Camera: -0.009223938 1.27912 -0.02264597 0.1626774 -0.01770145 -0.02561264 -0.986188 25.47507
Camera: -0.009211421 1.278812 -0.02258958 0.1618383 -0.01869706 -0.0250939 -0.986321 25.51192
Camera: -0.009589911 1.278765 -0.02247371 0.1618353 -0.01922825 -0.02498982 -0.9863139 25.55225
Camera: -0.009584188 1.27894 -0.0224988 0.1615971 -0.01930353 -0.02501127 -0.986351 25.58738
Camera: -0.009693861 1.279128 -0.02250655 0.1622011 -0.01976117 -0.02559612 -0.9862278 25.64272
Camera: -0.009504795 1.279162 -0.02282317 0.1624158 -0.01983705 -0.02637918 -0.9861703 25.6822
Camera: -0.01005685 1.279147 -0.02238806 0.1612568 -0.01908125 -0.0264983 -0.9863722 25.7249
Camera: -0.01039147 1.27872 -0.0219592 0.1588752 -0.01826438 -0.02603208 -0.9867864 25.77198
Camera: -0.01199138 1.277208 -0.02051659 0.1496158 -0.01175589 -0.02613619 -0.9883288 25.82917
Camera: -0.01345015 1.275316 -0.01914628 0.1391356 -0.005822194 -0.02928568 -0.9898231 25.86986
Camera: -0.01774502 1.269521 -0.01523627 0.1057631 0.01519056 -0.03412249 -0.9936897 25.94071
Camera: -0.02324247 1.26169 -0.01122357 0.06235294 0.04795651 -0.03305371 -0.9963532 25.97902
Camera: -0.02654862 1.258153 -0.00900413 0.04482247 0.06660575 -0.03290513 -0.9962289 26.01882
Camera: -0.02948546 1.255592 -0.006515517 0.03615187 0.08349916 -0.03431338 -0.9952606 26.06329
Camera: -0.03380859 1.252507 -0.001200034 0.02401536 0.09843988 -0.03746086 -0.9941477 26.11522
Camera: -0.03550637 1.250881 0.000935779 0.01556097 0.1041886 -0.03673958 -0.9937569 26.15671
Camera: -0.03700864 1.249855 0.003073798 0.01054714 0.1087137 -0.03411245 -0.9934317 26.20595
Camera: -0.0402683 1.248544 0.006143437 0.0053023 0.1161273 -0.02848025 -0.9928118 26.26094
Camera: -0.04150736 1.248279 0.007220135 0.005666682 0.1189189 -0.02710988 -0.9925177 26.3028
Camera: -0.04351008 1.247603 0.008327768 0.005560659 0.1235488 -0.0273754 -0.9919453 26.34711
Camera: -0.04411364 1.247195 0.008214162 0.004308218 0.1253273 -0.02699681 -0.9917387 26.39806
Camera: -0.04556036 1.246843 0.007913814 0.003170393 0.1275833 -0.02830078 -0.991419 26.43963
Camera: -0.04579675 1.24684 0.007506714 0.003227333 0.1271006 -0.03007143 -0.9914287 26.48678
Camera: -0.04624224 1.246884 0.007242487 0.00372656 0.1266708 -0.03099257 -0.9914535 26.53839
Camera: -0.04631376 1.247338 0.006645785 0.005398574 0.1262113 -0.03244402 -0.991458 26.58352
Camera: -0.04632735 1.247383 0.006211624 0.005879251 0.1263336 -0.03216105 -0.9914489 26.6287
Camera: -0.04628336 1.24735 0.005987392 0.006339767 0.1267259 -0.03200894 -0.991401 26.68171
Camera: -0.04579139 1.248216 0.006021724 0.009931719 0.1272659 -0.03222068 -0.9912955 26.72329
Camera: -0.04557049 1.248746 0.006146655 0.01117044 0.1276705 -0.03157099 -0.9912511 26.76544
Camera: -0.04426074 1.249171 0.005887435 0.01324888 0.1255565 -0.0294671 -0.9915602 26.80303
Camera: -0.04351783 1.249272 0.005947874 0.01471132 0.1237286 -0.02845755 -0.9917989 26.86245
Camera: -0.04208469 1.24937 0.00585656 0.01787172 0.1192473 -0.02714173 -0.9923326 26.90745
Camera: -0.04143202 1.249523 0.005590783 0.01857329 0.118004 -0.02705385 -0.9924707 26.96788
Camera: -0.04063487 1.251199 0.005443917 0.02515545 0.1147454 -0.02671273 -0.9927171 27.01593
Camera: -0.04081452 1.252569 0.005440102 0.0310235 0.1144137 -0.02662882 -0.9925916 27.06732
Camera: -0.04047012 1.254502 0.004327164 0.04138528 0.1114481 -0.02602299 -0.9925671 27.11745
Camera: -0.04006565 1.255381 0.003644035 0.04543831 0.1091972 -0.02540308 -0.9926561 27.15982
Camera: -0.03957629 1.256546 0.003275082 0.04875185 0.104372 -0.02504024 -0.9930271 27.20256
Camera: -0.03457761 1.259716 0.001609133 0.06129548 0.0813212 -0.02451505 -0.9944993 27.25285
Camera: -0.03017676 1.260982 0.0009881714 0.06690311 0.05858038 -0.02590875 -0.9957013 27.292
Camera: -0.02520466 1.261272 5.672965E-05 0.06911184 0.03268552 -0.02860858 -0.9966629 27.33954
Camera: -0.01311433 1.26186 -0.002515986 0.07238117 -0.02987929 -0.03648354 -0.9962616 27.39272
Camera: -0.007554173 1.262046 -0.003951265 0.07312115 -0.05642264 -0.03992482 -0.994925 27.43511
Camera: 0.001911759 1.263938 -0.006533518 0.08190596 -0.09796922 -0.04129939 -0.990953 27.47984
Camera: 0.005684018 1.265009 -0.007769181 0.08632489 -0.112312 -0.04049085 -0.9890878 27.52811
Camera: 0.008532405 1.265543 -0.008884504 0.09014016 -0.1173631 -0.0397019 -0.9881925 27.56957
Camera: 0.0120672 1.265568 -0.0104499 0.09270966 -0.1172745 -0.03658574 -0.9880856 27.61224
Camera: 0.01337957 1.265024 -0.0110708 0.09140276 -0.1137443 -0.03414922 -0.9887071 27.66077
Camera: 0.01429093 1.264502 -0.01174642 0.08969433 -0.1095194 -0.03308455 -0.9893765 27.69967
Camera: 0.014274 1.263994 -0.01276471 0.085223 -0.1016519 -0.02894712 -0.9907401 27.74342
Camera: 0.01422203 1.263739 -0.01335181 0.08447353 -0.1004104 -0.0257751 -0.9910185 27.79274
Camera: 0.01385891 1.263963 -0.01367249 0.08683333 -0.09827281 -0.02535806 -0.9910396 27.83321
Camera: 0.01327503 1.264256 -0.01407571 0.08946618 -0.09311785 -0.02630237 -0.9912785 27.87339
Camera: 0.0128814 1.264599 -0.01397945 0.08982679 -0.09229336 -0.02591266 -0.9913332 27.90837
Camera: 0.0128684 1.264826 -0.01398708 0.08970126 -0.09309004 -0.02588199 -0.991271 27.95246
Camera: 0.01218569 1.264822 -0.01347656 0.09012497 -0.09438307 -0.02648517 -0.9910943 28.02122
Camera: 0.0117532 1.264618 -0.01304401 0.08992025 -0.0944978 -0.02696317 -0.991089 28.06126
Camera: 0.01118553 1.264313 -0.01274927 0.0881647 -0.09334783 -0.02748756 -0.9913414 28.09909
Camera: 0.0104984 1.263817 -0.01252766 0.08666234 -0.09223906 -0.02684654 -0.9915951 28.15699
Camera: 0.009649754 1.263897 -0.01215775 0.08654512 -0.09035795 -0.02759533 -0.991758 28.19834
Camera: 0.007850647 1.26378 -0.01208939 0.08810484 -0.08271597 -0.02958811 -0.9922299 28.2403
Camera: 0.005937338 1.264334 -0.01163943 0.08850662 -0.07346794 -0.02850243 -0.9929535 28.29365
Camera: 0.003080726 1.264819 -0.01116778 0.09021236 -0.06099704 -0.02500449 -0.9937384 28.33242
Camera: -0.00412786 1.263321 -0.01031901 0.08165953 -0.02453552 -0.01821885 -0.9961917 28.37618
Camera: -0.007392764 1.26294 -0.01002206 0.08104168 -0.00550846 -0.01842348 -0.9965252 28.42589
Camera: -0.01102388 1.263031 -0.009837701 0.08098926 0.016062 -0.01929186 -0.9963988 28.46691
Camera: -0.01707184 1.264075 -0.0103596 0.08820528 0.05356733 -0.01550164 -0.9945402 28.52207
Camera: -0.01973855 1.264154 -0.01100011 0.08758392 0.0682812 -0.01388308 -0.9937173 28.56406
Camera: -0.02240992 1.264813 -0.01179393 0.09072768 0.08142491 -0.01312486 -0.9924546 28.60351
Camera: -0.0229398 1.264833 -0.01237668 0.09119871 0.08467487 -0.01409991 -0.9921261 28.66194
Camera: -0.02326143 1.26527 -0.01271601 0.09352662 0.08492912 -0.01308785 -0.9919015 28.70243
Camera: -0.02494812 1.266324 -0.01321299 0.09718923 0.08876118 -0.01289088 -0.9912162 28.7384
Camera: -0.02522242 1.266661 -0.01383819 0.09876581 0.08977567 -0.01193154 -0.990981 28.79283
Camera: -0.02596068 1.266921 -0.0141653 0.09987656 0.09062037 -0.01271971 -0.990783 28.83208
Camera: -0.02689135 1.266802 -0.01513864 0.09980357 0.09301696 -0.01372667 -0.9905547 28.86903
Camera: -0.02670801 1.266737 -0.01560201 0.09961534 0.09277643 -0.01334907 -0.9906014 28.92672
Camera: -0.02659655 1.266966 -0.01580818 0.1006588 0.0923124 -0.01331596 -0.9905397 28.96705
Camera: -0.025967 1.26674 -0.01638545 0.1010482 0.09137947 -0.01352023 -0.9905838 29.02143
Noticed 29.38561
Twitter 49.77324
Camera: -0.008214355 1.257058 -0.008335127 0.04640794 -0.08224492 -0.05651741 -0.9939255 49.77324
Camera: -0.006591439 1.256874 -0.01068355 0.04685958 -0.08527216 -0.05602309 -0.9936771 49.81281
Camera: -0.004438877 1.256561 -0.01283963 0.0472355 -0.08977909 -0.05427466 -0.9933594 49.86507
Camera: 0.002177119 1.257189 -0.01680113 0.0489018 -0.112078 -0.04820419 -0.9913241 49.91064
Camera: 0.00687778 1.257947 -0.01853742 0.05068898 -0.1315193 -0.04690754 -0.988905 49.94848
Camera: 0.01032043 1.258086 -0.01963039 0.04892826 -0.1475809 -0.04408583 -0.9868548 50.00521
Camera: 0.01546144 1.257869 -0.02099438 0.04714215 -0.1672648 -0.03426668 -0.984188 50.04747
Camera: 0.01664817 1.257742 -0.02121748 0.04691949 -0.1689081 -0.02973987 -0.9840651 50.08549
Camera: 0.01680422 1.257809 -0.02088811 0.04762674 -0.1670039 -0.02651129 -0.9844484 50.12679
Camera: 0.01529622 1.258043 -0.01951303 0.04829999 -0.1589428 -0.02526789 -0.9857818 50.16259
Camera: 0.01379919 1.2585 -0.01859011 0.05165893 -0.1540935 -0.02616759 -0.9863579 50.22034
Camera: 0.01062787 1.260498 -0.01739384 0.06207301 -0.1438738 -0.03328628 -0.9870863 50.26474
Camera: 0.008402348 1.261764 -0.01725782 0.06908859 -0.137163 -0.03921213 -0.9873579 50.3029
Camera: 0.005869746 1.263356 -0.01729704 0.07777044 -0.1310573 -0.04454071 -0.9873155 50.36059
Camera: 0.0004543066 1.266346 -0.01906182 0.09444949 -0.1178102 -0.05098951 -0.9872184 50.40124
Camera: -0.002173066 1.267894 -0.02025183 0.1022216 -0.1109085 -0.05278814 -0.9871492 50.44128
Camera: -0.007826328 1.27129 -0.02316512 0.1181038 -0.09713559 -0.05224561 -0.9868569 50.4982
Camera: -0.01028931 1.273721 -0.02478112 0.127357 -0.0898671 -0.05352645 -0.986326 50.5355
Camera: -0.0132376 1.276124 -0.025997 0.1386854 -0.07892515 -0.05395678 -0.9857109 50.57518
Camera: -0.01701713 1.277066 -0.02685125 0.1477825 -0.06504297 -0.05339157 -0.9854335 50.62926
Camera: -0.02478004 1.279513 -0.0282221 0.1610176 -0.03287325 -0.05158507 -0.9850541 50.67044
Camera: -0.02771854 1.27938 -0.02912153 0.163444 -0.01938682 -0.05312482 -0.9849305 50.70682
Camera: -0.03088093 1.279277 -0.02972914 0.1652269 -0.00741128 -0.05447331 -0.9847223 50.76075
Camera: -0.03618789 1.280169 -0.03066172 0.170933 0.01208756 -0.05562919 -0.9836367 50.80057
Camera: -0.03830099 1.280148 -0.03125776 0.1728086 0.01905497 -0.05640494 -0.9831544 50.83644
Camera: -0.03965294 1.280065 -0.03198721 0.1733375 0.0243771 -0.05674699 -0.982924 50.89233
Camera: -0.04192936 1.280316 -0.03256454 0.1763634 0.02713074 -0.05678886 -0.982311 50.93247
Camera: -0.04261839 1.280562 -0.03264429 0.1771756 0.02578221 -0.05767678 -0.9821494 50.96945
Camera: -0.04315746 1.280926 -0.03290589 0.1778648 0.02362538 -0.05836162 -0.9820387 51.01042
Camera: -0.04344904 1.280753 -0.03307314 0.1773188 0.02109868 -0.05919411 -0.9821451 51.04719
Camera: -0.04325855 1.280254 -0.0336404 0.1763721 0.01801742 -0.05988067 -0.9823353 51.10312
Camera: -0.04230225 1.280394 -0.03441371 0.1792832 0.01173081 -0.06371953 -0.9816617 51.14985
Camera: -0.04158652 1.280561 -0.03482307 0.1807076 0.009127242 -0.06498178 -0.9813454 51.18909
Camera: -0.03976536 1.28086 -0.03540285 0.1826286 0.003850274 -0.06608415 -0.980951 51.24436
Camera: -0.03855467 1.28103 -0.03540529 0.1827433 0.0001623464 -0.06566673 -0.9809653 51.28519
Camera: -0.0349139 1.280769 -0.03604908 0.1821279 -0.009309079 -0.06426723 -0.9811282 51.32461
Camera: -0.0330925 1.28058 -0.03624888 0.1826678 -0.01339606 -0.0634617 -0.981033 51.36976
Camera: -0.03182638 1.280949 -0.0360526 0.1826172 -0.01759868 -0.06381791 -0.9809529 51.40895
Camera: -0.03033686 1.28115 -0.03597529 0.1827076 -0.02136422 -0.0636422 -0.9808727 51.48148
Camera: -0.02537727 1.281311 -0.03518267 0.1820415 -0.03710386 -0.06085392 -0.9807044 51.52298
Camera: -0.02395999 1.281608 -0.0350091 0.1820887 -0.04125725 -0.05826544 -0.9806868 51.56741
Camera: -0.02249002 1.2816 -0.03477575 0.1824733 -0.04516548 -0.05603606 -0.9805731 51.62242
Camera: -0.02052236 1.281299 -0.03413834 0.1805469 -0.04935429 -0.05419518 -0.9808312 51.66317
Camera: -0.01949167 1.281114 -0.03388257 0.1794662 -0.05168176 -0.05195507 -0.9810309 51.70694
Camera: -0.0188849 1.281114 -0.03375418 0.1786734 -0.05178054 -0.04963936 -0.9812903 51.75954
Camera: -0.01791453 1.28048 -0.03297271 0.1756672 -0.05342731 -0.04919132 -0.9817672 51.79475
Camera: -0.01766825 1.2803 -0.03271861 0.174978 -0.0532923 -0.04933849 -0.9818902 51.83479
Camera: -0.01769614 1.280079 -0.03235121 0.1739864 -0.05350574 -0.04889201 -0.9820771 51.87732
Camera: -0.01770115 1.280018 -0.0320778 0.1732867 -0.05365774 -0.04848275 -0.9822128 51.92579
Camera: -0.01748466 1.280051 -0.03187783 0.1730313 -0.05447302 -0.04852203 -0.9822111 51.96505
Camera: -0.01775157 1.280218 -0.0316918 0.1737439 -0.05455531 -0.04837643 -0.9820879 52.00957
Camera: -0.01812351 1.280407 -0.03167631 0.1742694 -0.05463777 -0.0493783 -0.9819403 52.05921
Camera: -0.01892579 1.280492 -0.0316263 0.1749812 -0.05426408 -0.04985787 -0.9818102 52.09822
Camera: -0.0194186 1.280386 -0.03162254 0.1743526 -0.05389337 -0.04965488 -0.9819527 52.14229
Camera: -0.01964808 1.280257 -0.031693 0.1734416 -0.05328384 -0.04885511 -0.9821874 52.19154
Camera: -0.02078223 1.280052 -0.03162612 0.1738 -0.05035105 -0.04884046 -0.9822795 52.23289
Camera: -0.02152252 1.279987 -0.03144987 0.1738222 -0.04724388 -0.04972502 -0.9823855 52.27106
Camera: -0.02227819 1.279811 -0.03141274 0.1734522 -0.04221239 -0.04985648 -0.9826733 52.32719
Camera: -0.02443564 1.278988 -0.03076775 0.1690372 -0.02324328 -0.04906168 -0.9841134 52.36982
Camera: -0.02492344 1.277446 -0.02973236 0.1611429 -0.005380196 -0.03797591 -0.9861856 52.4088
Camera: -0.02460635 1.274797 -0.0281399 0.146397 0.01334115 -0.01557601 -0.9890133 52.45099
Camera: -0.02663755 1.270719 -0.0244552 0.1204378 0.05435503 0.01287618 -0.9911481 52.51818
Camera: -0.03197885 1.26862 -0.02096625 0.1096109 0.100739 0.0162725 -0.9887226 52.55881
Camera: -0.03545165 1.267698 -0.01926936 0.1061505 0.1220249 0.0154138 -0.9867139 52.60183
Camera: -0.03838408 1.266795 -0.01838733 0.1014967 0.1441446 0.01470697 -0.9842279 52.65399
Camera: -0.04338098 1.265907 -0.01659782 0.09630878 0.1766322 0.01822076 -0.9793844 52.69702
Camera: -0.0450635 1.265852 -0.01617672 0.09606712 0.1874188 0.02066475 -0.9773527 52.75346
Camera: -0.04718924 1.265715 -0.01477422 0.09838327 0.1951898 0.02212527 -0.9755676 52.79629
Camera: -0.04734945 1.265418 -0.01479633 0.09776496 0.1951579 0.02246469 -0.9756284 52.8387
Camera: -0.04686165 1.265158 -0.01502724 0.09707368 0.1911056 0.02208207 -0.976508 52.87703
Camera: -0.04607248 1.264755 -0.01569487 0.09762195 0.1871995 0.01969353 -0.9772607 52.93253
Camera: -0.04563606 1.264545 -0.01683433 0.09715719 0.1789451 0.01553727 -0.9789268 52.97482
Camera: -0.04532015 1.264364 -0.0177768 0.09827352 0.1761129 0.01330019 -0.9793619 53.01314
Camera: -0.04518092 1.26421 -0.01881798 0.09968042 0.1745075 0.01094718 -0.9795362 53.06759
Camera: -0.04618108 1.264563 -0.02006258 0.1026829 0.1737541 0.007303015 -0.9793939 53.10764
Camera: -0.04652357 1.264635 -0.02060677 0.1027864 0.1735595 0.006290423 -0.9794246 53.14429
Camera: -0.04653645 1.264212 -0.02107705 0.1002496 0.1727163 0.004489606 -0.9798464 53.19901
Camera: -0.04655457 1.264265 -0.02056588 0.09985514 0.1675605 0.003549467 -0.9807854 53.23914
Camera: -0.04628789 1.264469 -0.02039374 0.1003299 0.1651425 0.002823002 -0.9811493 53.27646
Camera: -0.04593921 1.265156 -0.02017553 0.1023825 0.1609031 0.002561701 -0.9816422 53.33279
Camera: -0.04351234 1.265373 -0.01950003 0.1042706 0.1457994 0.003908729 -0.9837962 53.36957
Camera: -0.04008555 1.265205 -0.01918907 0.1039441 0.129732 0.006265158 -0.9860659 53.41031
Camera: -0.03648138 1.265554 -0.01843174 0.1047985 0.1130146 0.007312376 -0.9880241 53.45337
Camera: -0.02815318 1.266259 -0.01710035 0.1075985 0.07062603 0.007323628 -0.9916556 53.50902
Camera: -0.01881158 1.26718 -0.01647414 0.1118947 0.02418119 0.004966754 -0.9934134 53.56482
Camera: -0.01454949 1.267455 -0.01681627 0.1141512 0.006372654 0.004769754 -0.9934315 53.60693
Camera: -0.01096165 1.267702 -0.01697244 0.1152918 -0.01171434 0.005495788 -0.9932474 53.64611
Camera: -0.007973075 1.267968 -0.01736261 0.1174147 -0.02599749 0.005962303 -0.9927247 53.70356
Camera: -0.004213333 1.268917 -0.01778437 0.1208466 -0.04313919 0.008152733 -0.9916999 53.7466
Camera: -0.003163099 1.26926 -0.01815738 0.1224443 -0.0449879 0.009395496 -0.9914107 53.78801
Camera: -0.002165675 1.269279 -0.01858939 0.1221374 -0.04723599 0.01319108 -0.9913008 53.84138
Camera: -0.001626015 1.26932 -0.01878573 0.1225085 -0.04574179 0.01538229 -0.9912935 53.88225
Camera: -0.001072407 1.269276 -0.01902165 0.1218603 -0.04673339 0.01783788 -0.991286 53.93744
Camera: -0.001475692 1.269581 -0.01872928 0.1224403 -0.04458079 0.01910587 -0.99129 53.97987
Camera: -0.001682878 1.269963 -0.01877411 0.1233304 -0.04344333 0.01871181 -0.9912377 54.01987
Camera: -0.003393292 1.270462 -0.01835491 0.1258757 -0.03772441 0.0180755 -0.9911637 54.0555
Camera: -0.004152417 1.270747 -0.01832701 0.1261965 -0.03500047 0.01779381 -0.991228 54.11392
Camera: -0.004446864 1.270874 -0.01859142 0.1265116 -0.03325113 0.01764454 -0.9912507 54.15611
Camera: -0.006082773 1.270696 -0.01880343 0.1262871 -0.03023179 0.01481088 -0.9914224 54.19258
Camera: -0.007096767 1.270646 -0.01882686 0.1259917 -0.02899188 0.01345231 -0.9915163 54.24806
Camera: -0.007871628 1.270512 -0.0191247 0.1256427 -0.02648432 0.01198619 -0.9916496 54.29079
Camera: -0.01008296 1.270965 -0.01955093 0.1271566 -0.01830667 0.007390791 -0.9916862 54.3257
Camera: -0.01174307 1.271259 -0.01980145 0.1271575 -0.0115245 0.00334742 -0.99181 54.38283
Camera: -0.01408148 1.2716 -0.01967074 0.1279138 -0.003609915 0.001008153 -0.9917782 54.42215
Camera: -0.01821899 1.271429 -0.01982899 0.1291859 0.01454452 -0.001470756 -0.9915127 54.45821
Camera: -0.02038097 1.271542 -0.01989152 0.1300512 0.02411104 -0.002755936 -0.9912103 54.51385
Camera: -0.02449 1.2714 -0.02009131 0.1295286 0.03877919 -0.003489562 -0.990811 54.56803
Camera: -0.02665377 1.271246 -0.02026851 0.1284174 0.04707912 -0.004984618 -0.9905896 54.60872
Camera: -0.0296638 1.271115 -0.02011313 0.1285091 0.05798429 -0.006781596 -0.9899885 54.64561
Camera: -0.032444 1.271093 -0.02012797 0.128861 0.06950089 -0.007824034 -0.9891933 54.70307
Camera: -0.03667176 1.271427 -0.02015741 0.1310823 0.08442643 -0.009011815 -0.987729 54.74219
Camera: -0.0374949 1.271938 -0.02036227 0.1343877 0.08723241 -0.01099686 -0.9870206 54.78144
Camera: -0.03723836 1.272335 -0.02085634 0.1381027 0.08095144 -0.01493 -0.9869912 54.82766
Camera: -0.03684688 1.272667 -0.0209765 0.1398012 0.07702095 -0.01718298 -0.98703 54.88554
Camera: -0.03528094 1.272705 -0.02123256 0.1413509 0.0707517 -0.0188398 -0.9872483 54.9271
Camera: -0.03468192 1.272763 -0.02149619 0.1413205 0.06902204 -0.01783548 -0.9873937 54.97437
Camera: -0.03420544 1.272821 -0.02161564 0.1409961 0.06805344 -0.01696999 -0.9875226 55.02835
Camera: -0.03241861 1.272684 -0.02246369 0.1419978 0.06657311 -0.01622511 -0.9874925 55.06877
Noticed 55.34212
CHI 68.41919
Camera: -0.06118643 1.267145 -0.03394963 0.107696 0.2520785 -0.01277599 -0.9616106 68.41919
Camera: -0.06122828 1.267255 -0.03414579 0.1084264 0.2514878 -0.01281409 -0.9616826 68.47502
Camera: -0.06129515 1.267453 -0.03430708 0.1088246 0.2511849 -0.01302622 -0.961714 68.51543
Camera: -0.06144273 1.267488 -0.03484227 0.1093665 0.2512189 -0.01396819 -0.9616304 68.55277
Camera: -0.06187308 1.267591 -0.03492995 0.109834 0.2515955 -0.01446363 -0.9614713 68.6087
Camera: -0.06202507 1.267613 -0.0349604 0.1091419 0.2520717 -0.01448198 -0.9614251 68.64877
Camera: -0.06215227 1.267604 -0.03504451 0.1096535 0.2529703 -0.01483961 -0.9611254 68.68587
Camera: -0.06185639 1.267502 -0.0351208 0.1092954 0.25295 -0.01462891 -0.9611747 68.74316
Camera: -0.06198001 1.267268 -0.03505959 0.1083453 0.2527315 -0.01465341 -0.9613394 68.78059
Camera: -0.06201851 1.267005 -0.03497173 0.107353 0.253091 -0.01461904 -0.9613566 68.82434
Camera: -0.06251168 1.267397 -0.03503533 0.1056588 0.252952 -0.01377612 -0.9615934 68.87466
Camera: -0.06364632 1.267874 -0.03547932 0.1018231 0.2539372 -0.01062726 -0.9617875 68.91498
Camera: -0.06914413 1.268727 -0.03888543 0.09492959 0.2622225 -0.003279477 -0.9603213 68.95241
Camera: -0.07261622 1.269582 -0.04142906 0.09512992 0.2662499 -0.006477172 -0.9591764 69.01348
Camera: -0.07925272 1.271826 -0.04629399 0.1039353 0.2681404 -0.01573027 -0.9576277 69.05293
Camera: -0.08163965 1.272979 -0.04925968 0.1080353 0.2688345 -0.02313928 -0.9568286 69.10041
Camera: -0.08407605 1.275019 -0.0522985 0.1119742 0.2697589 -0.02259737 -0.9561283 69.14921
Camera: -0.08750439 1.277098 -0.0591258 0.1140518 0.2694362 -0.02577469 -0.9558933 69.20805
Camera: -0.09083295 1.277366 -0.06268807 0.110277 0.2672119 -0.02266459 -0.9570387 69.25532
Camera: -0.09910309 1.275606 -0.07010187 0.1042367 0.2664257 -0.02337795 -0.9579173 69.30537
Camera: -0.1045876 1.274784 -0.07385255 0.1025194 0.2682703 -0.02437018 -0.957563 69.35909
Camera: -0.1167966 1.274497 -0.07984789 0.1035044 0.2713372 -0.0321638 -0.9563621 69.40354
Camera: -0.1225966 1.274613 -0.08178355 0.1033284 0.2661813 -0.03487655 -0.957734 69.45941
Camera: -0.1321355 1.272888 -0.08390476 0.09703264 0.2497354 -0.04453645 -0.9624102 69.50459
Camera: -0.1362064 1.272482 -0.08472438 0.09672378 0.24063 -0.04847012 -0.9645686 69.56073
Camera: -0.1454294 1.272635 -0.08716549 0.1008879 0.2310394 -0.05234859 -0.9662826 69.59999
Camera: -0.1498543 1.272242 -0.08846594 0.1029742 0.2269955 -0.056778 -0.9667708 69.64109
Camera: -0.1537871 1.271443 -0.08921875 0.1055379 0.2244946 -0.06010061 -0.9668774 69.6848
Camera: -0.1615665 1.270357 -0.09051348 0.1066444 0.221119 -0.07084865 -0.966806 69.73438
Camera: -0.1651019 1.269475 -0.09031154 0.1053372 0.2224899 -0.07218825 -0.9665357 69.77573
Camera: -0.1686766 1.26864 -0.09005816 0.103005 0.224464 -0.07331775 -0.9662455 69.81996
Camera: -0.1737701 1.267915 -0.08914472 0.1027735 0.2305899 -0.07871792 -0.9644011 69.88271
Camera: -0.1761829 1.26832 -0.08752669 0.1048344 0.2330925 -0.0834417 -0.9631797 69.92413
Camera: -0.1764652 1.268293 -0.08648391 0.1043536 0.2342492 -0.08189579 -0.963084 69.96631
Camera: -0.1757052 1.267928 -0.08542158 0.1009403 0.2323273 -0.08015604 -0.9640592 70.00699
Camera: -0.174311 1.267745 -0.08420362 0.09964898 0.2298592 -0.07969985 -0.9648227 70.0509
Camera: -0.170107 1.267673 -0.08130206 0.09671181 0.2222961 -0.07268058 -0.9674445 70.1009
Camera: -0.1673831 1.267899 -0.07955046 0.09604227 0.2173521 -0.06893005 -0.968908 70.14416
Camera: -0.1595194 1.268407 -0.07508953 0.09130293 0.2013091 -0.05677957 -0.973609 70.18331
Camera: -0.1544654 1.268751 -0.07291116 0.08804414 0.1897442 -0.04978332 -0.9766099 70.24634
Camera: -0.14249 1.270346 -0.06811489 0.08798442 0.1669168 -0.03596116 -0.9813788 70.29483
Camera: -0.1355972 1.270928 -0.06620647 0.08730891 0.1544474 -0.02763316 -0.9837477 70.34097
Camera: -0.1231366 1.272058 -0.06259967 0.08694907 0.133382 -0.01637265 -0.9871075 70.39131
Camera: -0.1172885 1.271659 -0.06164683 0.08378044 0.1245818 -0.01234733 -0.9885888 70.45457
Camera: -0.107807 1.271728 -0.06002714 0.08175235 0.1173907 -0.002685366 -0.9897115 70.49437
Camera: -0.103828 1.270905 -0.05961974 0.07775429 0.1152805 0.0001456188 -0.9902852 70.53447
Camera: -0.1008279 1.2704 -0.05937709 0.07543562 0.1159131 0.001383756 -0.9903897 70.57864
Camera: -0.09619296 1.269799 -0.05976476 0.07251862 0.1225281 0.004006696 -0.989804 70.63195
Camera: -0.09513211 1.269849 -0.06009312 0.07148217 0.129302 0.005149039 -0.9890121 70.67302
Camera: -0.09470165 1.269892 -0.06034489 0.06881673 0.1389694 0.005724534 -0.9878861 70.72517
Camera: -0.09389937 1.270102 -0.06049456 0.06764192 0.1534658 0.009627044 -0.9857891 70.76537
Camera: -0.09313715 1.270189 -0.06027605 0.06652121 0.1552108 0.009996753 -0.9855885 70.81133
Camera: -0.0918262 1.270268 -0.05937298 0.06601445 0.1553701 0.011788 -0.9855776 70.86149
Camera: -0.0914247 1.269809 -0.05828507 0.06569794 0.1542059 0.01068197 -0.9857942 70.91556
Camera: -0.09199166 1.269577 -0.0577773 0.06612183 0.1565271 0.009428786 -0.9854128 70.95689
Camera: -0.09293664 1.269128 -0.05738313 0.06438071 0.1597807 0.009890568 -0.9850013 71.00273
Camera: -0.09336007 1.268542 -0.05741669 0.06231781 0.1615166 0.01101134 -0.984839 71.05268
Camera: -0.09395301 1.267395 -0.05779608 0.06023812 0.162857 0.008428319 -0.9847731 71.09362
Camera: -0.0936954 1.266926 -0.05841483 0.05988014 0.162145 0.008611268 -0.9849108 71.13437
Camera: -0.09350681 1.266849 -0.05911095 0.06039726 0.1608351 0.007735952 -0.9851012 71.17176
Camera: -0.09372365 1.267075 -0.05965914 0.06248519 0.1603574 0.006428029 -0.9850583 71.21659
Camera: -0.09504032 1.268034 -0.06005068 0.06637336 0.1616329 0.005660632 -0.9846001 71.26646
Camera: -0.09594703 1.268643 -0.05988999 0.06879798 0.1628381 0.005565753 -0.9842356 71.31187
Camera: -0.09808624 1.26855 -0.0591134 0.0689047 0.1649086 0.004274415 -0.9838898 71.35097
Camera: -0.09896255 1.268469 -0.05854286 0.0691638 0.1656708 0.00402739 -0.9837446 71.39844
Camera: -0.09952176 1.267768 -0.05822374 0.06763797 0.1658363 0.003255691 -0.9838256 71.45355
Camera: -0.1007304 1.266809 -0.0572976 0.06433474 0.1648856 0.003930991 -0.9842045 71.50286
Camera: -0.1012398 1.266399 -0.05720867 0.06334668 0.164303 0.003245684 -0.9843684 71.54774
Camera: -0.1024978 1.266089 -0.05689313 0.0615098 0.1654662 0.001076886 -0.9842948 71.6104
Camera: -0.1028104 1.265862 -0.05702324 0.06152033 0.1667842 0.001404759 -0.9840713 71.6561
Camera: -0.1024821 1.266023 -0.05729361 0.06242994 0.1679868 0.001623741 -0.9838091 71.71482
Camera: -0.1020542 1.266875 -0.05716951 0.06466398 0.1681269 0.00224826 -0.9836396 71.75765
Camera: -0.1016934 1.267178 -0.05698849 0.06620218 0.1682235 0.003086031 -0.9835185 71.80454
Camera: -0.101518 1.267386 -0.05687352 0.06626223 0.1686913 0.004272247 -0.9834299 71.8622
Camera: -0.1005856 1.26719 -0.05674507 0.06562441 0.1691225 0.005152135 -0.9833944 71.9194
Camera: -0.1006898 1.266536 -0.05638577 0.0636187 0.1704678 0.006188066 -0.9832879 71.95749
Camera: -0.1008835 1.266325 -0.05635454 0.06258263 0.1710121 0.006897072 -0.9832552 71.99957
Camera: -0.1013758 1.266205 -0.05602325 0.06183051 0.1712198 0.006861579 -0.9832668 72.04438
Camera: -0.1033033 1.265164 -0.05545332 0.0580307 0.1724009 0.006232613 -0.9832963 72.09713
Camera: -0.1043048 1.264643 -0.05530711 0.05605591 0.1742191 0.005607863 -0.9830942 72.13885
Camera: -0.1058736 1.263812 -0.0547352 0.05282177 0.1762473 0.003826848 -0.9829202 72.18604
Camera: -0.1088985 1.261817 -0.05333312 0.04509502 0.1804388 0.0003303594 -0.9825519 72.23771
Camera: -0.1099435 1.261013 -0.05279346 0.04126456 0.1821047 -0.001506521 -0.9824118 72.27913
Camera: -0.1113565 1.260269 -0.05141558 0.03646216 0.1837101 -0.002384468 -0.9823011 72.3244
Camera: -0.1117867 1.26036 -0.05050071 0.03525325 0.1839063 -0.003208305 -0.9823062 72.37473
Camera: -0.1116287 1.260203 -0.04984029 0.0343278 0.1837527 -0.002946844 -0.9823685 72.41703
Camera: -0.1110033 1.259922 -0.04848273 0.03293619 0.1848222 -0.0003759724 -0.9822199 72.45412
Camera: -0.1107217 1.260118 -0.04766573 0.03298157 0.1864173 0.001470306 -0.9819158 72.51806
Camera: -0.1097251 1.26096 -0.04557337 0.03319809 0.1893408 0.005013204 -0.9813373 72.56024
Camera: -0.1089483 1.260802 -0.04462983 0.03193804 0.1894743 0.006263361 -0.9813462 72.60594
Camera: -0.1082634 1.260539 -0.04350694 0.03051607 0.1891956 0.007460106 -0.9814368 72.65424
Camera: -0.106935 1.259749 -0.04136534 0.02745799 0.1876932 0.01012652 -0.9817916 72.71387
Camera: -0.1051261 1.258718 -0.04030009 0.02309208 0.1854343 0.01298838 -0.9822994 72.76262
Camera: -0.1042958 1.258434 -0.03990735 0.02207241 0.1835563 0.01495242 -0.9826477 72.82706
Camera: -0.102574 1.258539 -0.03930284 0.02383548 0.180308 0.01566865 -0.9831966 72.87912
Camera: -0.09991288 1.261606 -0.03927036 0.03563754 0.172228 0.01730153 -0.9842602 72.93721
Camera: -0.09793091 1.26354 -0.03985794 0.04427253 0.1682419 0.01836863 -0.9845797 72.98203
Camera: -0.0949024 1.265435 -0.041945 0.05704409 0.1634173 0.01892546 -0.9847246 73.03645
Camera: -0.09336162 1.266375 -0.04339971 0.06200347 0.1619356 0.01989212 -0.9846506 73.08163
Camera: -0.09048283 1.269647 -0.04619558 0.07601622 0.1586578 0.02098813 -0.9841793 73.13203
Camera: -0.08887601 1.271647 -0.04768808 0.08544358 0.1561543 0.02252664 -0.9837722 73.17302
Camera: -0.08729041 1.273089 -0.0490243 0.09239168 0.15266 0.02353374 -0.9836691 73.21696
Camera: -0.08384275 1.275925 -0.05176158 0.1072078 0.1406412 0.02192324 -0.9839949 73.26868
Camera: -0.08301294 1.277351 -0.05246194 0.1156732 0.1340688 0.02315535 -0.9839253 73.31453
Camera: -0.08064413 1.279335 -0.05471106 0.1268053 0.1185645 0.0187096 -0.9846385 73.35962
Camera: -0.07975078 1.280185 -0.05594964 0.1321263 0.1105403 0.01623957 -0.9849162 73.40982
Camera: -0.07672119 1.280443 -0.05814542 0.1357932 0.09252217 0.01162386 -0.9863391 73.44986
Camera: -0.07516658 1.281018 -0.05923451 0.1391292 0.08427514 0.01062894 -0.9866245 73.49321
Camera: -0.07361042 1.281927 -0.06053181 0.1437117 0.08074886 0.01052928 -0.9862635 73.54318
Camera: -0.07088339 1.284523 -0.06356718 0.1547275 0.07936735 0.01003037 -0.984713 73.58508
Camera: -0.0693661 1.285702 -0.0652438 0.1602428 0.0807475 0.01144866 -0.9837027 73.62325
Camera: -0.06800628 1.286883 -0.06695749 0.1655623 0.08370578 0.01216625 -0.9825653 73.68457
Camera: -0.06343365 1.288398 -0.07112236 0.1738 0.08669315 0.01617166 -0.9808244 73.72392
Camera: -0.06158078 1.289096 -0.07281293 0.1774053 0.08617488 0.01705607 -0.9802094 73.76594
Camera: -0.05957019 1.289716 -0.0746754 0.181676 0.08571792 0.0191594 -0.9794281 73.80946
Camera: -0.05621409 1.290676 -0.07766558 0.1882459 0.08605855 0.02192744 -0.9780985 73.86848
Camera: -0.05449545 1.290991 -0.07941575 0.1913177 0.08619317 0.02381521 -0.9774463 73.91573
Camera: -0.05183566 1.291783 -0.08179457 0.1961635 0.086408 0.02629568 -0.9764026 73.97472
Camera: -0.04979718 1.292288 -0.08344407 0.2003904 0.08489822 0.02848191 -0.9756151 74.02399
Camera: -0.04873836 1.292438 -0.08413245 0.2014329 0.08330606 0.02992066 -0.9754946 74.08528
Camera: -0.04723167 1.29255 -0.08455552 0.2039876 0.078949 0.0319961 -0.9752602 74.12588
Camera: -0.04681563 1.292514 -0.08439107 0.203664 0.07611927 0.03244779 -0.9755378 74.17063
Camera: -0.04627419 1.292436 -0.08417036 0.2029606 0.07273869 0.03218138 -0.9759511 74.22445
Camera: -0.04523885 1.292038 -0.08310713 0.2007603 0.06415124 0.03113464 -0.9770418 74.2688
Camera: -0.0448662 1.291679 -0.08258916 0.1994658 0.06112303 0.03102073 -0.9775046 74.32368
Camera: -0.04414546 1.291237 -0.08178248 0.1965085 0.05831654 0.03021428 -0.9782999 74.36377
Camera: -0.04369521 1.291009 -0.08106758 0.1944622 0.05523732 0.02875097 -0.9789314 74.40808
Camera: -0.04201066 1.290862 -0.07982613 0.1935844 0.04873614 0.02839141 -0.979461 74.4589
Camera: -0.04073155 1.290801 -0.07946761 0.1934016 0.04472641 0.02868531 -0.9796798 74.49919
Camera: -0.04002273 1.29043 -0.07895578 0.1920455 0.04246535 0.03076986 -0.9799839 74.54333
Camera: -0.03883171 1.289284 -0.07811661 0.187486 0.04126936 0.03236335 -0.9808662 74.59463
Camera: -0.04030514 1.288655 -0.07763584 0.1854191 0.05178269 0.0343441 -0.980693 74.63476
Camera: -0.0453006 1.287783 -0.07681759 0.1789961 0.08046646 0.03762028 -0.9798318 74.67834
Camera: -0.06177759 1.2858 -0.07424332 0.1608439 0.1747257 0.04336497 -0.9704224 74.72813
Camera: -0.06867111 1.284623 -0.07370032 0.1505398 0.2157392 0.04430664 -0.963759 74.76892
Camera: -0.07441247 1.283583 -0.07304145 0.1428029 0.2448748 0.04206586 -0.9580575 74.8062
Camera: -0.07732606 1.282789 -0.07295109 0.1383508 0.2647271 0.03801902 -0.9535897 74.865
Camera: -0.08045733 1.281749 -0.07097156 0.132775 0.278482 0.0291472 -0.9507729 74.90463
Camera: -0.08053052 1.28111 -0.06981255 0.1294505 0.2785957 0.02611844 -0.9512859 74.96159
Camera: -0.07828033 1.280002 -0.06706466 0.1255419 0.2668442 0.02448423 -0.9552141 75.00732
Camera: -0.07647014 1.279961 -0.06591405 0.1256826 0.2579962 0.02812637 -0.9575233 75.04726
Camera: -0.07396793 1.27942 -0.06455733 0.1257049 0.2472214 0.0307723 -0.9602776 75.09126
Camera: -0.07305813 1.279202 -0.06445856 0.1242218 0.2440368 0.03225624 -0.9612359 75.13062
Camera: -0.07272089 1.279071 -0.06456746 0.1232525 0.2438106 0.03275352 -0.9614013 75.19268
Camera: -0.07255733 1.278585 -0.06550075 0.1220428 0.2459495 0.03130719 -0.961059 75.23579
Camera: -0.0727005 1.278929 -0.06577398 0.1235727 0.2470994 0.03090811 -0.9605813 75.27708
Camera: -0.07328033 1.278876 -0.06629486 0.1232831 0.2497287 0.02948432 -0.9599831 75.31374
Camera: -0.07347155 1.278513 -0.06641515 0.1223842 0.250361 0.02900888 -0.9599479 75.37154
Noticed 75.62631
Twitter 89.51004
Camera: -0.07867813 1.254689 -0.02719767 0.007023188 0.1944912 -0.01003543 -0.9808278 89.51004
Camera: -0.0812192 1.254535 -0.02716084 0.006676205 0.2027241 -0.01109974 -0.9791502 89.55182
Camera: -0.08355534 1.254336 -0.02704813 0.00683145 0.2080599 -0.01196505 -0.9780191 89.60754
Camera: -0.08589578 1.253437 -0.02764232 0.005355608 0.2132377 -0.01412189 -0.9768836 89.64868
Camera: -0.08672726 1.253378 -0.02781285 0.006195595 0.2145657 -0.01433573 -0.9765847 89.68636
Camera: -0.08805871 1.253548 -0.0279295 0.007304063 0.2158749 -0.01523604 -0.9762748 89.74276
Camera: -0.09013212 1.253757 -0.02855404 0.01031194 0.21814 -0.01640772 -0.9757251 89.78247
Camera: -0.0911665 1.254421 -0.02869166 0.01427351 0.2196528 -0.01645932 -0.9753349 89.82043
Camera: -0.09171855 1.25511 -0.02917631 0.01888489 0.2212479 -0.01597364 -0.9749039 89.87567
Camera: -0.09320533 1.256759 -0.02984168 0.02621159 0.2220336 -0.01523421 -0.9745676 89.91331
Camera: -0.09384835 1.257575 -0.0302899 0.03123874 0.2218411 -0.01408504 -0.9744805 89.95581
Camera: -0.09448504 1.258114 -0.03069855 0.03457626 0.2217557 -0.01445907 -0.9743818 90.00423
Camera: -0.09576237 1.258798 -0.0316257 0.03856917 0.2212624 -0.01529393 -0.9743313 90.06007
Camera: -0.0960778 1.258729 -0.03213091 0.03851108 0.2207186 -0.01630868 -0.9744405 90.10113
Camera: -0.09633279 1.258475 -0.03262986 0.03910631 0.2201795 -0.01635697 -0.974538 90.1478
Camera: -0.09660196 1.258957 -0.03354622 0.04193076 0.220958 -0.01665314 -0.9742392 90.20245
Camera: -0.09677303 1.260121 -0.03408505 0.04460246 0.2213481 -0.01782845 -0.9740112 90.25719
Camera: -0.09604704 1.26065 -0.03445716 0.04680382 0.2211615 -0.0174199 -0.9739577 90.29937
Camera: -0.09522343 1.260445 -0.0347953 0.04832144 0.2210555 -0.01807177 -0.9738958 90.33638
Camera: -0.09393275 1.260727 -0.03531332 0.04892143 0.2196352 -0.01594414 -0.9742243 90.3932
Camera: -0.09319234 1.261275 -0.03551485 0.05047809 0.2186765 -0.01489033 -0.9743772 90.43382
Camera: -0.09275103 1.261669 -0.03561915 0.05286162 0.2176484 -0.01336147 -0.9745032 90.4716
Camera: -0.09164155 1.261888 -0.03641178 0.05456319 0.2147708 -0.01280867 -0.975055 90.53027
Camera: -0.09107172 1.262067 -0.03645422 0.05604125 0.2133173 -0.01289551 -0.9752891 90.57413
Camera: -0.0903995 1.262259 -0.03660037 0.05669827 0.2116188 -0.01075229 -0.9756471 90.61807
Camera: -0.09022391 1.262519 -0.03625686 0.05757226 0.2111147 -0.01067304 -0.975706 90.65919
Camera: -0.08971596 1.262526 -0.03621526 0.05729867 0.2110052 -0.01035062 -0.9757493 90.70413
Camera: -0.08970606 1.261985 -0.03603412 0.0556235 0.2108332 -0.01019585 -0.975885 90.75803
Camera: -0.08963263 1.261794 -0.03603573 0.05482021 0.2112215 -0.01062709 -0.9758418 90.79981
Camera: -0.08960235 1.261692 -0.03586282 0.05443571 0.2110486 -0.00985758 -0.9759089 90.84374
Camera: -0.08986187 1.261364 -0.03527679 0.0523192 0.2104794 -0.01029014 -0.9761431 90.893
Camera: -0.08956742 1.260985 -0.03534116 0.05202809 0.2096788 -0.009936602 -0.9763346 90.93408
Camera: -0.0895983 1.260982 -0.0351121 0.05193374 0.2088981 -0.009806885 -0.9765083 90.97813
Camera: -0.08896661 1.26115 -0.03502943 0.05256817 0.2070125 -0.009118365 -0.9768825 91.02967
Camera: -0.08843517 1.261249 -0.03479709 0.05240719 0.204106 -0.008628213 -0.9775069 91.068
Camera: -0.08541536 1.261249 -0.03379215 0.05038343 0.184368 -0.008779956 -0.9815258 91.11466
Camera: -0.08275938 1.261425 -0.03276719 0.04983694 0.1670504 -0.008968028 -0.9846472 91.17776
Camera: -0.07796407 1.261018 -0.02994825 0.05028388 0.1316486 -0.01388151 -0.989923 91.22374
Camera: -0.07668579 1.260407 -0.02918626 0.04606815 0.1205659 -0.01196924 -0.9915636 91.2795
Camera: -0.07629871 1.260389 -0.02770759 0.04594152 0.1164288 -0.01786379 -0.9919751 91.32714
Camera: -0.0767467 1.260199 -0.02753712 0.04482748 0.118854 -0.0167244 -0.9917583 91.36903
Camera: -0.07906616 1.260285 -0.02800067 0.04340957 0.1375393 -0.01723993 -0.9893944 91.42568
Camera: -0.0798775 1.260174 -0.02849008 0.04218508 0.1470871 -0.01665397 -0.9880832 91.46777
Camera: -0.08080089 1.261012 -0.02927609 0.04420462 0.1652457 -0.0131856 -0.9851731 91.50677
Camera: -0.08100867 1.261333 -0.02973552 0.04596728 0.1732178 -0.00982064 -0.9837613 91.56471
Camera: -0.08145869 1.261715 -0.03021206 0.04686476 0.1808587 -0.006239862 -0.9823721 91.60551
Camera: -0.08327889 1.262566 -0.03081866 0.05043768 0.1909593 0.0001112066 -0.9803013 91.64223
Camera: -0.08376276 1.262877 -0.03128316 0.05270405 0.1961183 0.001764824 -0.9791613 91.69814
Camera: -0.08434403 1.262902 -0.0320908 0.05452584 0.1996572 0.002857376 -0.9783434 91.74047
Camera: -0.08680463 1.263359 -0.0330974 0.05825923 0.2066061 0.002812358 -0.9766842 91.77964
Camera: -0.08818364 1.263616 -0.03354765 0.05999362 0.2081231 0.001400062 -0.9762601 91.8387
Camera: -0.09086752 1.264106 -0.03429283 0.06358995 0.2098831 -0.002098827 -0.9756542 91.88287
Camera: -0.09170079 1.264077 -0.03488238 0.06471705 0.2096583 -0.003528025 -0.9756243 91.92188
Camera: -0.09279728 1.2641 -0.03525795 0.06560238 0.2097054 -0.004752901 -0.9755498 91.97832
Camera: -0.09393191 1.263941 -0.03625567 0.06776199 0.2100243 -0.007028318 -0.9753198 92.02186
Camera: -0.09443939 1.263987 -0.0368811 0.06923039 0.2102522 -0.007495134 -0.9751641 92.05976
Camera: -0.09463716 1.263927 -0.03748079 0.06923038 0.2107149 -0.008766991 -0.9750537 92.11557
Camera: -0.0948354 1.263758 -0.03836824 0.06973513 0.2120047 -0.01134628 -0.9747115 92.15699
Camera: -0.09471381 1.263858 -0.03883447 0.07011677 0.2132176 -0.01175289 -0.9744146 92.19408
Camera: -0.09476197 1.263969 -0.03921296 0.07067221 0.2146331 -0.01190312 -0.9740618 92.23579
Camera: -0.09438813 1.264397 -0.03962477 0.07164866 0.2163184 -0.01065505 -0.973632 92.29161
Camera: -0.09411561 1.264581 -0.03944291 0.07185996 0.216377 -0.01075697 -0.9736024 92.32982
Camera: -0.09392571 1.264721 -0.03918327 0.07215441 0.2154275 -0.01078314 -0.9737908 92.37183
Camera: -0.09391809 1.265401 -0.03801824 0.07262427 0.2132554 -0.008347654 -0.9742578 92.41465
Camera: -0.09354687 1.265234 -0.03784867 0.07207979 0.212514 -0.007857906 -0.9744643 92.45271
Camera: -0.09337366 1.26498 -0.0377567 0.07169635 0.2116756 -0.006970585 -0.9746818 92.50029
Camera: -0.09333336 1.264734 -0.03773703 0.07071275 0.2127928 -0.006858444 -0.9745111 92.55287
Camera: -0.09336746 1.264807 -0.03766324 0.07080509 0.2128449 -0.006761645 -0.9744937 92.59377
Camera: -0.09354198 1.264886 -0.03765853 0.07070082 0.2132942 -0.006933736 -0.9744018 92.63735
Camera: -0.09342682 1.264818 -0.03794558 0.07129468 0.2140452 -0.007085565 -0.9741928 92.68783
Camera: -0.09338558 1.26462 -0.03798307 0.07037979 0.2138135 -0.007785914 -0.9743048 92.72951
Camera: -0.09322441 1.264502 -0.03799732 0.07041322 0.2132409 -0.007469032 -0.9744304 92.77337
Camera: -0.09287155 1.264767 -0.03781869 0.07067051 0.2113781 -0.006489688 -0.9748245 92.82345
Camera: -0.09185672 1.264471 -0.0377629 0.06997082 0.207101 -0.006135536 -0.9757949 92.86469
Camera: -0.09086883 1.26434 -0.03714605 0.06806238 0.2002804 -0.005174071 -0.9773579 92.90726
Camera: -0.08576953 1.263098 -0.03542061 0.06141287 0.1720138 -0.005970171 -0.9831603 92.96165
Camera: -0.08178675 1.262455 -0.03402437 0.05783079 0.1487943 -0.008909887 -0.9871355 93.00659
Camera: -0.07128024 1.261149 -0.03109635 0.04998334 0.09129214 -0.0151221 -0.994454 93.0491
Camera: -0.06524932 1.260724 -0.02975293 0.04663707 0.05881618 -0.01998407 -0.9969786 93.08665
Camera: -0.05928218 1.260641 -0.02859099 0.04457884 0.02766356 -0.02334652 -0.9983498 93.13358
Camera: -0.04849172 1.261595 -0.02733244 0.04789983 -0.02665613 -0.03430702 -0.9979069 93.18389
Camera: -0.04402244 1.262675 -0.02714355 0.05212922 -0.04841556 -0.0353273 -0.9968402 93.2264
Camera: -0.03967547 1.263465 -0.02746774 0.05439534 -0.07174093 -0.03894755 -0.9951771 93.27045
Camera: -0.03124893 1.265539 -0.02987428 0.06197053 -0.1082318 -0.04512018 -0.9911659 93.33245
Camera: -0.0277735 1.265902 -0.03144898 0.06345412 -0.121463 -0.04681709 -0.9894587 93.37288
Camera: -0.02340329 1.265856 -0.03428639 0.0633903 -0.1348708 -0.04346954 -0.9878775 93.41505
Camera: -0.02326584 1.265495 -0.03482772 0.06186379 -0.1284697 -0.04011881 -0.9889686 93.45244
Camera: -0.02356648 1.265093 -0.03500248 0.05919571 -0.1218999 -0.03789527 -0.9900507 93.51183
Camera: -0.0276134 1.263866 -0.03355439 0.05292192 -0.0940963 -0.03320156 -0.993601 93.55601
Camera: -0.03002203 1.263406 -0.03270228 0.04994702 -0.08009838 -0.0319861 -0.9950209 93.59383
Camera: -0.03311718 1.262639 -0.03171404 0.04521515 -0.06343336 -0.03212636 -0.9964436 93.65434
Camera: -0.04401302 1.261062 -0.02842684 0.03711271 -0.003904395 -0.027196 -0.9989333 93.69749
Camera: -0.05150497 1.260423 -0.02643742 0.03474194 0.033299 -0.02196757 -0.9985999 93.73723
Camera: -0.06633282 1.25907 -0.02468003 0.02993086 0.1080752 -0.01665287 -0.9935525 93.77405
Camera: -0.07310224 1.260523 -0.02408142 0.03898555 0.1392323 -0.005541038 -0.9894766 93.82961
Camera: -0.07879674 1.262453 -0.02394368 0.04942122 0.1664111 0.01546878 -0.9846957 93.86994
Camera: -0.08415294 1.260068 -0.02483822 0.03914926 0.2031083 0.02317282 -0.9780989 93.90798
Camera: -0.08538485 1.259404 -0.02470554 0.0361512 0.2112865 0.02523402 -0.9764294 93.96315
Camera: -0.08647025 1.259549 -0.02425374 0.03651701 0.2166555 0.02651441 -0.9752046 94.00656
Camera: -0.0884608 1.258602 -0.02320351 0.03191682 0.2217605 0.0275949 -0.974188 94.04356
Camera: -0.08927917 1.258151 -0.0222822 0.03023339 0.2221244 0.02695217 -0.9741768 94.10417
Camera: -0.08956099 1.257246 -0.02145816 0.02938155 0.2196147 0.02686476 -0.9747741 94.14832
Camera: -0.08968639 1.256684 -0.02093311 0.02763427 0.2158565 0.02657144 -0.9756722 94.18764
Camera: -0.08921039 1.255954 -0.02091391 0.02638988 0.212232 0.02568884 -0.9765251 94.23749
Camera: -0.08897972 1.255015 -0.02068998 0.02388669 0.2050574 0.02274022 -0.9781942 94.2803
Camera: -0.08863461 1.254673 -0.02117105 0.02379021 0.2042042 0.02128762 -0.9784077 94.3512
Camera: -0.08871067 1.254443 -0.02203657 0.02260963 0.2064967 0.01932023 -0.9779953 94.39323
Camera: -0.08877265 1.254624 -0.02265729 0.02347693 0.2079274 0.01880079 -0.9776818 94.43273
Camera: -0.0877974 1.254513 -0.02380873 0.02384244 0.2093008 0.01809174 -0.9773932 94.48878
Camera: -0.08727849 1.254676 -0.02384581 0.02422033 0.2084524 0.01811305 -0.9775648 94.53001
Camera: -0.08689082 1.254772 -0.02367951 0.02522921 0.2076529 0.01871671 -0.977698 94.56823
Camera: -0.08587849 1.254722 -0.02342089 0.02350336 0.2055695 0.01986149 -0.9781587 94.61359
Camera: -0.08538711 1.25484 -0.02309896 0.02378266 0.2041037 0.02051515 -0.9784453 94.65572
Camera: -0.08484459 1.254862 -0.02272578 0.02378031 0.2032582 0.02133937 -0.9786038 94.71435
Camera: -0.0834626 1.254654 -0.02197458 0.02183348 0.1997009 0.02327373 -0.9793371 94.75788
Camera: -0.08253837 1.254573 -0.02129115 0.02056886 0.1943089 0.02520828 -0.9804007 94.80196
Camera: -0.07812607 1.254054 -0.01956512 0.01759392 0.1693021 0.02509457 -0.9850876 94.85683
Camera: -0.07408392 1.253946 -0.01814939 0.01680375 0.1433347 0.02276294 -0.9892698 94.89842
Camera: -0.06823802 1.253835 -0.0166197 0.01672366 0.1098894 0.01657655 -0.9936649 94.94341
Camera: -0.05231106 1.250697 -0.0149584 0.0002211247 0.018545 0.008049427 -0.9997956 94.99566
Camera: -0.04242456 1.248672 -0.01503916 -0.01176933 -0.0382827 0.004136028 -0.9991891 95.03503
Camera: -0.02328598 1.253784 -0.01561458 0.01346693 -0.1266726 -0.0101147 -0.9918016 95.0788
Camera: -0.01414025 1.261476 -0.01597317 0.04662347 -0.169597 -0.03587567 -0.9837561 95.12901
Camera: -0.007557034 1.269457 -0.01829685 0.0782623 -0.2030533 -0.06873969 -0.9736115 95.16783
Camera: -0.003199458 1.272405 -0.02573778 0.08639497 -0.2335674 -0.08117668 -0.9650868 95.21042
Camera: -0.002813935 1.272916 -0.02779604 0.08805388 -0.2339471 -0.07949474 -0.9649849 95.2603
Camera: -0.002507448 1.273195 -0.02933492 0.09001908 -0.2249167 -0.0771523 -0.9671384 95.30101
Camera: -0.003206134 1.269586 -0.03090037 0.08103609 -0.2094503 -0.06668293 -0.9721714 95.34212
Camera: -0.003481269 1.269486 -0.0312589 0.07866347 -0.2022608 -0.06631681 -0.9739121 95.39923
Camera: -0.004028916 1.269042 -0.03176166 0.07750694 -0.1956686 -0.0628224 -0.9755818 95.44592
Camera: -0.003669381 1.26977 -0.03194977 0.08098829 -0.1959553 -0.06456496 -0.9751276 95.49038
Camera: -0.004413128 1.270425 -0.03153564 0.08302776 -0.1962019 -0.06391207 -0.9749495 95.54075
Camera: -0.005805373 1.270782 -0.03076179 0.08462947 -0.1966754 -0.06196402 -0.9748421 95.57951
Camera: -0.006865621 1.270345 -0.03027458 0.08225221 -0.1956753 -0.06147359 -0.9752778 95.623
Camera: -0.008130312 1.269554 -0.02953936 0.07977629 -0.1914932 -0.06158318 -0.9763061 95.67219
Camera: -0.01448631 1.267031 -0.02641727 0.06901401 -0.1620322 -0.05957764 -0.9825646 95.71178
Camera: -0.02066779 1.26432 -0.02389981 0.05733717 -0.1292979 -0.05425125 -0.9884591 95.75459
Camera: -0.02837884 1.261305 -0.02093364 0.04428277 -0.0831186 -0.04688302 -0.9944508 95.79335
Camera: -0.03696442 1.258678 -0.018286 0.03368451 -0.03325852 -0.04046618 -0.998059 95.84943
Camera: -0.05405402 1.254966 -0.01486076 0.0187157 0.06349018 -0.03527889 -0.9971831 95.89542
Camera: -0.06142902 1.252817 -0.01455583 0.009889632 0.09845255 -0.02982682 -0.9946455 95.93785
Camera: -0.07321715 1.250188 -0.01517512 -0.00187454 0.1540862 -0.01709654 -0.9879077 95.99843
Camera: -0.08250511 1.24927 -0.01569714 -0.006444934 0.19616 -0.00919037 -0.9805077 96.04034
Camera: -0.08542717 1.248919 -0.01559783 -0.009129752 0.2090301 -0.008156491 -0.9778326 96.08141
Camera: -0.08752334 1.248692 -0.01494266 -0.01029758 0.2137763 -0.008734548 -0.9767894 96.12358
Camera: -0.08858049 1.2479 -0.01421536 -0.01261535 0.2143323 -0.01000986 -0.9766281 96.17702
Camera: -0.08997416 1.24612 -0.01262595 -0.0181229 0.2087189 -0.009912143 -0.9777575 96.21925
Camera: -0.09035504 1.245367 -0.0120476 -0.01891397 0.2058736 -0.01075482 -0.9783367 96.26535
Camera: -0.09189308 1.245036 -0.01116075 -0.01878157 0.2022487 -0.01271597 -0.9790716 96.32006
Camera: -0.09269428 1.244735 -0.01109685 -0.02031486 0.2009739 -0.01369736 -0.9792902 96.36313
Camera: -0.09384882 1.243823 -0.01141222 -0.02225926 0.2010093 -0.01604882 -0.9792049 96.41762
Camera: -0.09366965 1.243492 -0.01186784 -0.02273773 0.201449 -0.01695307 -0.9790883 96.45856
Camera: -0.09389114 1.243275 -0.01190872 -0.02390159 0.2018523 -0.0175982 -0.9789662 96.51894
Camera: -0.09333098 1.243011 -0.01206954 -0.0254648 0.2020562 -0.01918169 -0.9788549 96.56287
Camera: -0.09325194 1.242866 -0.01179041 -0.02603715 0.2019545 -0.01928865 -0.9788588 96.60353
Camera: -0.0926857 1.2429 -0.01136948 -0.02755002 0.201208 -0.01771827 -0.9790007 96.64677
Camera: -0.09266305 1.242894 -0.01116516 -0.02811989 0.2010721 -0.01680474 -0.9790286 96.68792
Camera: -0.09201765 1.242765 -0.01118709 -0.02864091 0.2011274 -0.01624938 -0.9790115 96.74483
Camera: -0.09136748 1.242781 -0.01047708 -0.02854852 0.2005036 -0.01497069 -0.9791625 96.78641
Camera: -0.09123039 1.242542 -0.01021077 -0.02925578 0.199882 -0.01473021 -0.9792724 96.82629
Camera: -0.09123564 1.242285 -0.009758725 -0.03007402 0.1987361 -0.01413852 -0.9794895 96.88345
Camera: -0.09146798 1.242265 -0.00911273 -0.03090201 0.197108 -0.01313413 -0.9798066 96.92816
Camera: -0.09147668 1.242131 -0.008958592 -0.03168244 0.1963885 -0.01303268 -0.9799275 96.96667
Camera: -0.09134305 1.242331 -0.008866086 -0.03124894 0.1968227 -0.01403282 -0.9798405 97.01043
Camera: -0.09093356 1.242124 -0.009221508 -0.03138664 0.1971667 -0.01340233 -0.9797758 97.05084
Camera: -0.09129453 1.242119 -0.009309663 -0.03170479 0.1974747 -0.01306709 -0.9797081 97.11079
Camera: -0.09112799 1.241849 -0.009815766 -0.03204235 0.1973597 -0.01337718 -0.9797161 97.15771
Camera: -0.09110248 1.241812 -0.009892835 -0.0320169 0.1970787 -0.01348114 -0.979772 97.19674
Camera: -0.09128356 1.242206 -0.00955893 -0.03142504 0.1956893 -0.01337382 -0.9800711 97.25593
Camera: -0.09115863 1.242108 -0.00967808 -0.03165764 0.1948007 -0.01351655 -0.9802387 97.29848
Camera: -0.09047651 1.242159 -0.009731068 -0.030877 0.1939038 -0.0127287 -0.9804519 97.34406
Camera: -0.09036767 1.242137 -0.009558036 -0.03073262 0.1944497 -0.01253339 -0.9803509 97.38248
Camera: -0.08990276 1.241617 -0.009331896 -0.03294928 0.1932293 -0.01200004 -0.9805268 97.43858
Camera: -0.08960903 1.241439 -0.009404614 -0.03334879 0.1934659 -0.01152417 -0.9804723 97.47986
Camera: -0.08957517 1.241282 -0.009069814 -0.03403843 0.1938535 -0.01123784 -0.9803755 97.52433
Camera: -0.08979666 1.240891 -0.00871171 -0.03595891 0.1949531 -0.01189709 -0.980081 97.57584
Camera: -0.08976078 1.239925 -0.008533015 -0.03999212 0.1971528 -0.01064663 -0.9794989 97.61775
Camera: -0.08971405 1.239384 -0.008405997 -0.04219831 0.1974268 -0.00991715 -0.9793588 97.67471
Camera: -0.09024453 1.239395 -0.007894411 -0.04280844 0.1989488 -0.00867442 -0.9790361 97.71748
Camera: -0.09066033 1.239539 -0.007591321 -0.0423073 0.1996614 -0.009047859 -0.9789094 97.76095
Camera: -0.09142208 1.239838 -0.007106557 -0.04222454 0.2021158 -0.009412391 -0.9784057 97.80951
Noticed 98.10503
Twitter 111.8436
Camera: -0.0308516 1.263177 -0.03616621 0.05591468 -0.05909712 -0.04262418 -0.9957732 111.8436
Camera: -0.03676784 1.26262 -0.0340112 0.05081859 -0.03826592 -0.04335213 -0.9970325 111.8837
Camera: -0.04173398 1.262045 -0.03251024 0.04641226 -0.01667477 -0.04638634 -0.9977055 111.9198
Camera: -0.04700041 1.261023 -0.03132619 0.04125768 0.005355236 -0.04656536 -0.9980485 111.9748
Camera: -0.05736434 1.261209 -0.02881117 0.0398672 0.04418734 -0.04829259 -0.9970586 112.0138
Camera: -0.06199574 1.26118 -0.02798714 0.0406136 0.0568543 -0.04774892 -0.9964127 112.0624
Camera: -0.07010019 1.260671 -0.0271128 0.04116101 0.07523612 -0.04770818 -0.995173 112.1036
Camera: -0.07346499 1.260503 -0.02682699 0.04171913 0.07979741 -0.04667914 -0.9948432 112.167
Camera: -0.07941318 1.26086 -0.02645071 0.04332644 0.08456723 -0.04945081 -0.9942464 112.2128
Camera: -0.08131218 1.260825 -0.02632554 0.04375504 0.08447167 -0.05281674 -0.9940626 112.2502
Camera: -0.08279228 1.260803 -0.02646549 0.04445412 0.08403705 -0.05572392 -0.9939097 112.3082
Camera: -0.08467817 1.261119 -0.02666219 0.04721043 0.07907294 -0.0613733 -0.9938572 112.3514
Camera: -0.0848254 1.260977 -0.02719869 0.0486636 0.07790107 -0.06320137 -0.993765 112.3967
Camera: -0.08369279 1.261805 -0.02854802 0.05326099 0.07037035 -0.06360968 -0.994065 112.4545
Camera: -0.0833689 1.262458 -0.02890934 0.05692689 0.0666157 -0.06434429 -0.9940732 112.4942
Camera: -0.08171105 1.264188 -0.02955808 0.0653621 0.05775087 -0.06780085 -0.9938791 112.5498
Camera: -0.08012331 1.265305 -0.03008075 0.07020452 0.05294822 -0.06871307 -0.9937537 112.5871
Camera: -0.07846367 1.266273 -0.03091396 0.07398149 0.04818486 -0.06841397 -0.9937427 112.6288
Camera: -0.07395625 1.267778 -0.03340633 0.08119588 0.03990475 -0.06612756 -0.9937012 112.6723
Camera: -0.07054901 1.268993 -0.03557052 0.08644466 0.03583629 -0.06364693 -0.9935755 112.7327
Camera: -0.06968868 1.269787 -0.03616919 0.08967499 0.03537155 -0.06146416 -0.9934433 112.7727
Camera: -0.0686667 1.270098 -0.03693761 0.09136703 0.03433152 -0.05931669 -0.9934561 112.8159
Camera: -0.0676682 1.270477 -0.03787477 0.09209611 0.03304002 -0.05868736 -0.99347 112.8658
Camera: -0.06547153 1.27059 -0.0400991 0.09401304 0.03129061 -0.0574781 -0.9934177 112.9088
Camera: -0.06476164 1.270881 -0.04090776 0.09589172 0.03073764 -0.05718128 -0.9932725 112.946
Camera: -0.06385863 1.271275 -0.04159243 0.0978514 0.02917177 -0.05549353 -0.9932244 113.0032
Camera: -0.06264305 1.271292 -0.04246868 0.09900136 0.02592152 -0.05390749 -0.9932879 113.0426
Camera: -0.06231463 1.271177 -0.04244591 0.0989979 0.023653 -0.05396425 -0.9933417 113.0824
Camera: -0.06165659 1.270807 -0.04262812 0.09813143 0.02183378 -0.05442921 -0.993444 113.1236
Camera: -0.0611856 1.270445 -0.04266615 0.09665964 0.01997498 -0.05448711 -0.9936243 113.1774
Camera: -0.06153786 1.270072 -0.04186697 0.09279051 0.01846061 -0.05400164 -0.9940488 113.223
Camera: -0.06180239 1.269906 -0.04130532 0.09220311 0.01872262 -0.05425968 -0.9940845 113.2666
Camera: -0.06264305 1.26944 -0.04018678 0.08991242 0.0192418 -0.0549822 -0.9942447 113.3327
Camera: -0.06353974 1.269753 -0.03912826 0.092136 0.02100408 -0.05663661 -0.9939125 113.3768
Camera: -0.06417429 1.270297 -0.03809007 0.09458751 0.02272879 -0.05779007 -0.9935778 113.4184
Camera: -0.06429565 1.270643 -0.03750409 0.09599394 0.02378009 -0.05830545 -0.9933882 113.4729
Camera: -0.06502008 1.27096 -0.03652354 0.09670119 0.02457389 -0.05881544 -0.9932703 113.5153
Camera: -0.06524158 1.270768 -0.03651829 0.09612907 0.02486157 -0.0582256 -0.9933534 113.5602
Camera: -0.06505704 1.270486 -0.03754009 0.09739727 0.02562537 -0.057763 -0.9932374 113.6141
Camera: -0.06494212 1.270415 -0.03816886 0.09742168 0.02532944 -0.05822187 -0.9932159 113.6546
Camera: -0.064924 1.270628 -0.03882571 0.09860369 0.02525322 -0.05900676 -0.9930548 113.7306
Camera: -0.06591892 1.27364 -0.0406722 0.1132736 0.02993467 -0.06091266 -0.991243 113.7718
Camera: -0.06701672 1.275059 -0.0411966 0.1206726 0.03400105 -0.06065375 -0.9902541 113.8086
Camera: -0.06782973 1.275766 -0.04204114 0.1255048 0.03948627 -0.06179279 -0.9893792 113.849
Camera: -0.06844604 1.276119 -0.04293813 0.1291452 0.04468876 -0.06166545 -0.9886971 113.8929
Camera: -0.07039702 1.276453 -0.04458745 0.1313012 0.05482474 -0.06029913 -0.987987 113.9425
Camera: -0.07123435 1.276342 -0.04549547 0.1318362 0.05898248 -0.05878183 -0.9877677 113.984
Camera: -0.07212734 1.276525 -0.04607786 0.133497 0.06265137 -0.05902976 -0.9873039 114.0284
Camera: -0.07313597 1.277314 -0.04548641 0.1391406 0.06351944 -0.05794809 -0.986533 114.0786
Camera: -0.07298422 1.277507 -0.0444053 0.1389885 0.05969585 -0.05844729 -0.9867637 114.1194
Camera: -0.07218099 1.278179 -0.04339792 0.1408756 0.05008177 -0.0586454 -0.9870191 114.1634
Camera: -0.07040119 1.279853 -0.04158331 0.149246 0.03182633 -0.0582874 -0.9865674 114.2128
Camera: -0.06966555 1.281194 -0.04105349 0.1546546 0.02597254 -0.06006738 -0.9857988 114.253
Camera: -0.0693953 1.283293 -0.04074104 0.1609294 0.02113216 -0.06123195 -0.984838 114.29
Camera: -0.06833696 1.283966 -0.04085161 0.1635182 0.01492374 -0.06266045 -0.9844353 114.3481
Camera: -0.06289291 1.284687 -0.04148723 0.1679765 -0.01841759 -0.07121971 -0.9830425 114.3872
Camera: -0.05973065 1.284439 -0.04196735 0.1671659 -0.04235047 -0.07638572 -0.9820526 114.4272
Camera: -0.05527341 1.284858 -0.04305156 0.1706721 -0.07082419 -0.07823143 -0.9796606 114.4727
Camera: -0.05343568 1.285088 -0.04371704 0.17294 -0.07862329 -0.078701 -0.9786298 114.5287
Camera: -0.05094182 1.285442 -0.04530717 0.1748094 -0.08363762 -0.07659687 -0.9780488 114.5721
Camera: -0.04996026 1.285416 -0.0460126 0.1756295 -0.08243003 -0.07617475 -0.9780374 114.6273
Camera: -0.04918134 1.285276 -0.04702927 0.1772916 -0.07337629 -0.07566397 -0.9784982 114.6714
Camera: -0.04899251 1.285367 -0.04735394 0.1776391 -0.06668383 -0.07628798 -0.9788656 114.7106
Camera: -0.04870212 1.285236 -0.0477909 0.1775382 -0.06092845 -0.07677251 -0.9792211 114.7707
Camera: -0.04811466 1.285638 -0.04856576 0.1780214 -0.05200139 -0.07365584 -0.9798873 114.8111
Camera: -0.04853845 1.285812 -0.04879023 0.1789954 -0.04432598 -0.07157431 -0.9802413 114.8647
Camera: -0.05085385 1.285685 -0.04962875 0.1799603 -0.01982525 -0.06574447 -0.9812741 114.9078
Camera: -0.05350316 1.285485 -0.0497532 0.1798964 -0.0031319 -0.06048841 -0.9818191 114.9576
Camera: -0.05939782 1.2837 -0.05015679 0.1716557 0.03054931 -0.05113658 -0.9833546 114.9984
Camera: -0.0632416 1.283303 -0.04952331 0.1687006 0.04574741 -0.04961259 -0.9833544 115.0415
Camera: -0.06648624 1.282979 -0.04914393 0.1672977 0.057225 -0.05005403 -0.9829707 115.0909
Camera: -0.07221413 1.282345 -0.0480593 0.1643235 0.07176687 -0.05351997 -0.9823354 115.1325
Camera: -0.07446516 1.281802 -0.0475309 0.1627641 0.07489235 -0.05569826 -0.9822407 115.1772
Camera: -0.0763104 1.28134 -0.04711266 0.1608167 0.07761881 -0.05658989 -0.9822989 115.2275
Camera: -0.07856715 1.280843 -0.04607017 0.160486 0.07575098 -0.06147265 -0.9822053 115.2677
Camera: -0.07939053 1.28088 -0.04563512 0.1607127 0.07521255 -0.06327194 -0.9820953 115.3089
Camera: -0.07958257 1.280804 -0.04561676 0.1604606 0.07272836 -0.06449857 -0.9822438 115.3459
Camera: -0.08003008 1.280384 -0.04520513 0.1594777 0.07066102 -0.06537723 -0.9824967 115.3914
Camera: -0.08090866 1.279654 -0.04443325 0.1565557 0.06773911 -0.06643225 -0.9831015 115.4418
Camera: -0.08094001 1.279674 -0.04434367 0.1567106 0.06712716 -0.06667698 -0.9831022 115.4826
Camera: -0.08071172 1.27955 -0.04448213 0.1567138 0.06600107 -0.06690795 -0.9831623 115.52
Camera: -0.08010602 1.279602 -0.04483028 0.1567239 0.06405132 -0.06758545 -0.9832433 115.5762
Camera: -0.07865179 1.280242 -0.04523201 0.1585175 0.06137748 -0.06656089 -0.9831962 115.6173
Camera: -0.07775104 1.280505 -0.04546709 0.1595705 0.05907961 -0.06639869 -0.9831775 115.6587
Camera: -0.075984 1.280773 -0.04553981 0.1610803 0.05368343 -0.0651856 -0.983322 115.7019
Camera: -0.07468116 1.280907 -0.04547174 0.161309 0.04823992 -0.06514934 -0.983569 115.7452
Camera: -0.07262874 1.281041 -0.04478611 0.1609977 0.03825291 -0.06367379 -0.9841555 115.8023
Camera: -0.07155943 1.280616 -0.04452367 0.1597179 0.03322197 -0.06350742 -0.9845574 115.8454
Camera: -0.07102096 1.280246 -0.04407533 0.156411 0.03040135 -0.0623761 -0.9852515 115.9032
Camera: -0.07152903 1.278474 -0.04257031 0.1456829 0.02980071 -0.06128626 -0.9869815 115.9481
Camera: -0.07234204 1.27706 -0.04145856 0.1381464 0.03277406 -0.06302967 -0.9878607 115.9923
Camera: -0.0753721 1.273999 -0.03792842 0.1217779 0.04517338 -0.0687163 -0.9891449 116.0472
Camera: -0.07656848 1.273091 -0.03583892 0.1182146 0.05055759 -0.07204024 -0.9890801 116.0907
Camera: -0.07801056 1.270624 -0.03274776 0.1043047 0.05929079 -0.07126762 -0.9902152 116.149
Camera: -0.07847893 1.269757 -0.03148587 0.1004473 0.06305723 -0.07018623 -0.9904585 116.1859
Camera: -0.07920873 1.268641 -0.03051139 0.09483986 0.06782535 -0.06935535 -0.9907548 116.2265
Camera: -0.08047223 1.267778 -0.02871366 0.09029809 0.07522995 -0.06820007 -0.9907247 116.271
Camera: -0.08059263 1.267422 -0.028515 0.0882083 0.07773598 -0.06769139 -0.9907544 116.3207
Camera: -0.08095109 1.267539 -0.02811517 0.08814507 0.07920183 -0.06681319 -0.9907036 116.3599
Camera: -0.08094585 1.267725 -0.02789612 0.08741085 0.07692649 -0.06533202 -0.9910467 116.4039
Camera: -0.08057213 1.267828 -0.02789111 0.08850539 0.07401789 -0.065404 -0.9911662 116.4539
Camera: -0.0800724 1.268149 -0.02811064 0.09048431 0.0707723 -0.06555729 -0.9912145 116.4932
Camera: -0.07882035 1.268599 -0.02911247 0.09392125 0.06593662 -0.0658021 -0.991212 116.5374
Camera: -0.0781759 1.268846 -0.02985848 0.09604412 0.06447358 -0.06656098 -0.9910542 116.5888
Camera: -0.07788134 1.269043 -0.03034063 0.09722062 0.06323735 -0.06703713 -0.9909871 116.6304
Camera: -0.07704711 1.269195 -0.03155114 0.09888104 0.06282395 -0.0664491 -0.9908887 116.667
Camera: -0.07640231 1.26937 -0.03200443 0.09980203 0.06193334 -0.06572022 -0.9909009 116.7223
Camera: -0.07586181 1.269747 -0.03235824 0.1007211 0.06165034 -0.06555289 -0.9908367 116.7593
Camera: -0.07480729 1.27093 -0.03263022 0.1057643 0.05924516 -0.06513832 -0.9904853 116.8171
Camera: -0.07456422 1.2714 -0.03289165 0.1072844 0.05784523 -0.06410941 -0.9904716 116.865
Camera: -0.07390571 1.272892 -0.03324808 0.1129154 0.05233045 -0.06283016 -0.9902343 116.9112
Camera: -0.07257211 1.273718 -0.03379966 0.1186271 0.04652761 -0.06273954 -0.9898619 116.9723
Camera: -0.06951904 1.275772 -0.03513671 0.1303714 0.02484374 -0.06459405 -0.9890469 117.0191
Camera: -0.06784499 1.276687 -0.03625782 0.1351633 0.01412352 -0.06536277 -0.9885642 117.0642
Camera: -0.06471503 1.278074 -0.03882314 0.1438453 -0.005358416 -0.06782269 -0.9872588 117.1206
Camera: -0.06337428 1.278486 -0.04023673 0.1456879 -0.01295619 -0.06816161 -0.9868947 117.1604
Camera: -0.06113279 1.278725 -0.04255624 0.1482261 -0.02256929 -0.06910916 -0.9862776 117.216
Camera: -0.06054199 1.279081 -0.04337366 0.1501031 -0.02598958 -0.06969353 -0.9858684 117.2565
Camera: -0.05973458 1.279913 -0.04446174 0.1537209 -0.0254014 -0.06942654 -0.9853449 117.3128
Camera: -0.05978501 1.280111 -0.04478295 0.1549406 -0.02369032 -0.06868206 -0.9852487 117.3506
Camera: -0.05970216 1.280256 -0.04512049 0.1558701 -0.02122681 -0.06860722 -0.9851635 117.3905
Camera: -0.05925357 1.281171 -0.04536547 0.1592382 -0.01994642 -0.06897055 -0.984626 117.4483
Camera: -0.05899131 1.281336 -0.04547776 0.1616643 -0.02031508 -0.06898186 -0.9842223 117.4892
Camera: -0.05894661 1.281247 -0.04561462 0.1621585 -0.02067611 -0.06775258 -0.9842188 117.5255
Camera: -0.05926967 1.281594 -0.04586001 0.1629258 -0.02002353 -0.06845196 -0.9840572 117.5822
Camera: -0.05950701 1.281345 -0.04588594 0.1612228 -0.019575 -0.06790029 -0.9843849 117.6225
Camera: -0.06026351 1.281544 -0.04583217 0.1615608 -0.01879483 -0.06663314 -0.9844313 117.66
Camera: -0.06013393 1.281315 -0.04592039 0.1611965 -0.01916179 -0.06712012 -0.9844509 117.7188
Camera: -0.06027889 1.281244 -0.04591288 0.1607391 -0.0202087 -0.06842357 -0.9844149 117.7544
Camera: -0.06070268 1.281183 -0.04564406 0.1607241 -0.02048671 -0.06875859 -0.9843883 117.8069
Camera: -0.06114507 1.280989 -0.04503323 0.1600245 -0.02230846 -0.07010229 -0.9843679 117.8436
Camera: -0.06109941 1.280748 -0.04487611 0.1582337 -0.0229224 -0.07056919 -0.9846099 117.8825
Camera: -0.06074059 1.280276 -0.04464914 0.1556923 -0.02356348 -0.07011549 -0.9850323 117.9231
Camera: -0.0611943 1.278116 -0.04319055 0.1442671 -0.02340421 -0.06857669 -0.9868823 117.9756
Camera: -0.06185758 1.275465 -0.04165889 0.1316881 -0.02010873 -0.0671303 -0.9888111 118.0242
Camera: -0.0635941 1.269262 -0.03700031 0.09881598 -0.003838581 -0.06521664 -0.992959 118.0652
Camera: -0.06472254 1.26709 -0.03372242 0.08571136 0.006873103 -0.06479241 -0.9941873 118.1121
Camera: -0.0657531 1.264828 -0.03066476 0.0738015 0.0175637 -0.06356641 -0.9950901 118.168
Camera: -0.06704104 1.260941 -0.02417459 0.05426761 0.03354982 -0.06144566 -0.9960693 118.2133
Camera: -0.06741524 1.259945 -0.02125318 0.05032277 0.03945269 -0.06147488 -0.9960582 118.2704
Camera: -0.06841588 1.258129 -0.01635291 0.04147543 0.04626192 -0.05965452 -0.9962836 118.3123
Camera: -0.06856108 1.257239 -0.0147521 0.03767927 0.04697667 -0.05742773 -0.9965318 118.3566
Camera: -0.06786752 1.256134 -0.01372732 0.03355673 0.04496003 -0.05684278 -0.9968057 118.41
Camera: -0.0678705 1.25601 -0.01380332 0.03366978 0.04245143 -0.05699256 -0.9969032 118.4543
Camera: -0.06764698 1.256008 -0.01397879 0.03403978 0.03929187 -0.05684055 -0.9970289 118.5086
Camera: -0.06741178 1.25659 -0.01538958 0.0363114 0.03419622 -0.0569517 -0.9971302 118.5447
Camera: -0.06712711 1.257513 -0.01656105 0.0402902 0.03265775 -0.05802957 -0.9969668 118.585
Camera: -0.06710124 1.259029 -0.01830722 0.04560318 0.03151099 -0.05905938 -0.9967143 118.6401
Camera: -0.0660392 1.265138 -0.0229912 0.07060356 0.02648091 -0.06225821 -0.9952074 118.6803
Camera: -0.06518447 1.269617 -0.02542318 0.08995017 0.01877988 -0.06458097 -0.9936728 118.7167
Camera: -0.06380141 1.27333 -0.0282609 0.1100232 0.00935744 -0.0658078 -0.9917039 118.7714
Camera: -0.06019676 1.278061 -0.03425641 0.1362181 -0.01492415 -0.06742037 -0.9882694 118.8268
Noticed 119.1172
