Facebook 14.15218
Camera: -0.1214949 1.358543 -0.2138617 -0.01096603 0.001717949 -0.07846729 -0.9968549 14.15218
Camera: -0.1214059 1.358438 -0.2136488 -0.01136343 0.00155128 -0.07813812 -0.9968766 14.17731
Camera: -0.1213106 1.358522 -0.2136614 -0.01106335 0.001571725 -0.07748123 -0.9969312 14.20143
Camera: -0.1213517 1.358478 -0.2136181 -0.0111087 0.001787912 -0.0777958 -0.9969059 14.22633
Camera: -0.121382 1.358414 -0.213675 -0.01174627 0.002340787 -0.0781366 -0.9968708 14.25076
Camera: -0.121171 1.358474 -0.2135376 -0.01194639 0.001783756 -0.07750551 -0.9969188 14.2745
Camera: -0.1212332 1.358103 -0.2139163 -0.01216252 0.001613981 -0.07808691 -0.9968711 14.29878
Camera: -0.1213371 1.357898 -0.2138106 -0.01268626 0.00145687 -0.07833187 -0.9968456 14.32372
Camera: -0.1213601 1.357844 -0.2137457 -0.01287756 0.001221298 -0.07828769 -0.9968469 14.34818
Camera: -0.1214119 1.357945 -0.2137929 -0.01308048 0.0009052159 -0.0777263 -0.9968885 14.37181
Camera: -0.1215318 1.357782 -0.2139065 -0.01291982 0.0005849252 -0.07825367 -0.9968496 14.39638
Camera: -0.1216677 1.357779 -0.2138953 -0.01314502 0.000778622 -0.07877905 -0.9968051 14.42367
Camera: -0.1217546 1.35782 -0.2138779 -0.01312556 0.001314325 -0.07841991 -0.9968331 14.44785
Camera: -0.1213577 1.357922 -0.2137531 -0.0129012 0.0008905462 -0.07831032 -0.9968452 14.47221
Camera: -0.1215282 1.357837 -0.2138072 -0.01269357 0.0006448698 -0.07877176 -0.9968117 14.49733
Camera: -0.1213063 1.357679 -0.213781 -0.01277499 0.0008456077 -0.07916442 -0.9967794 14.52354
Camera: -0.1212278 1.357687 -0.2138831 -0.01305165 0.0002167647 -0.07910632 -0.9967808 14.54776
Camera: -0.1209513 1.357643 -0.2137826 -0.01317443 -0.0002245217 -0.0785747 -0.9968212 14.57611
Camera: -0.1207961 1.357567 -0.2137798 -0.01376861 -0.0002841218 -0.07812249 -0.9968486 14.60417
Camera: -0.12049 1.357116 -0.2137548 -0.01522929 8.520504E-07 -0.0778379 -0.9968497 14.62836
Camera: -0.1202964 1.356871 -0.2137048 -0.01602625 -0.0004318113 -0.07770949 -0.9968472 14.65595
Camera: -0.1200468 1.356715 -0.2137304 -0.01705834 -0.001109477 -0.07748614 -0.9968469 14.67953
Camera: -0.1196148 1.356543 -0.2136017 -0.02071289 -0.0006309412 -0.07818811 -0.9967232 14.70333
Camera: -0.1193927 1.356029 -0.2137 -0.02119903 -0.001901374 -0.07656191 -0.9968377 14.72775
Camera: -0.1191129 1.355875 -0.2136369 -0.0203736 -0.002272385 -0.0755671 -0.99693 14.75483
Camera: -0.1189198 1.356322 -0.21336 -0.02045357 -0.002258257 -0.0758788 -0.9969047 14.78094
Camera: -0.1191613 1.356853 -0.2131169 -0.01797199 -0.0009580011 -0.07680782 -0.9968835 14.8051
Camera: -0.1191613 1.356989 -0.2130789 -0.01745334 -0.0005780617 -0.07731902 -0.9968535 14.829
Camera: -0.1190949 1.356761 -0.2130435 -0.01832967 -0.000129867 -0.07756495 -0.9968188 14.8529
Camera: -0.1187876 1.356343 -0.2129758 -0.01924394 -0.0003679804 -0.07691889 -0.9968516 14.87708
Camera: -0.118462 1.356348 -0.2128803 -0.01971009 -0.001386321 -0.07602187 -0.9969103 14.90123
Camera: -0.1181649 1.356274 -0.2128748 -0.02014091 -0.002717166 -0.07537124 -0.9969484 14.92619
Camera: -0.11763 1.356381 -0.2126334 -0.01990517 -0.003675031 -0.07501836 -0.9969767 14.94997
Camera: -0.1175027 1.356202 -0.2126856 -0.01978703 -0.004200527 -0.07511012 -0.9969701 14.97411
Camera: -0.1173343 1.356242 -0.2126534 -0.02016863 -0.003798601 -0.07621501 -0.9968802 14.9981
Camera: -0.1170935 1.356423 -0.212392 -0.02009774 -0.004089858 -0.07662044 -0.9968494 15.02294
Camera: -0.117272 1.356394 -0.2125403 -0.0198876 -0.003783461 -0.07580694 -0.996917 15.04683
Camera: -0.1172122 1.356349 -0.2124427 -0.02030021 -0.002481704 -0.07510985 -0.9969655 15.07059
Camera: -0.1173139 1.356392 -0.212517 -0.01993015 -0.002378081 -0.07471427 -0.997003 15.09481
Camera: -0.1172433 1.356435 -0.212552 -0.01977781 -0.002545545 -0.07487576 -0.9969935 15.11967
Camera: -0.1171519 1.356359 -0.2126057 -0.01966324 -0.002728754 -0.07537002 -0.996958 15.14437
Camera: -0.116919 1.356332 -0.2127168 -0.01963122 -0.003263911 -0.07538959 -0.9969556 15.16857
Camera: -0.117097 1.356244 -0.2128627 -0.01939249 -0.003707438 -0.07508317 -0.9969818 15.19223
Camera: -0.1171162 1.356154 -0.2130426 -0.019422 -0.003863141 -0.07504441 -0.9969836 15.22086
Camera: -0.1170622 1.356175 -0.2130201 -0.01953868 -0.004122494 -0.07499429 -0.996984 15.24524
Camera: -0.1171025 1.356204 -0.21291 -0.01907796 -0.003449892 -0.07517942 -0.9969816 15.26909
Camera: -0.1172867 1.356187 -0.2128976 -0.01908941 -0.002425666 -0.07576796 -0.9969398 15.29249
Camera: -0.1176597 1.356568 -0.2130594 -0.01837985 -0.00173302 -0.07529145 -0.9969907 15.31951
Camera: -0.117925 1.356669 -0.2131007 -0.01783607 -0.001496575 -0.07558848 -0.9969785 15.3436
Camera: -0.1179279 1.356709 -0.2132024 -0.01781338 -0.001452292 -0.0757549 -0.9969663 15.36785
Camera: -0.1180339 1.356727 -0.2133475 -0.01779434 -0.001563756 -0.0760081 -0.9969472 15.39268
Camera: -0.1179856 1.356805 -0.2132759 -0.01778685 -0.001675461 -0.07629929 -0.9969249 15.41899
Camera: -0.1181647 1.356822 -0.2135006 -0.0176682 -0.001740929 -0.07632196 -0.9969252 15.44333
Camera: -0.1184498 1.357058 -0.2135656 -0.01688093 -0.00212321 -0.07576259 -0.9969807 15.46808
Camera: -0.1187143 1.357383 -0.2136583 -0.01609556 -0.001938927 -0.07606897 -0.9969708 15.49179
Camera: -0.1193796 1.357852 -0.2139988 -0.01397531 -0.0004776216 -0.07753884 -0.9968913 15.51779
Camera: -0.1198024 1.358007 -0.2142111 -0.01270726 -0.0001836476 -0.07782938 -0.9968857 15.5451
Camera: -0.12015 1.358124 -0.2143535 -0.01154979 0.0001935027 -0.07830876 -0.9968622 15.56927
Camera: -0.12029 1.358336 -0.2143915 -0.01075879 0.0008684911 -0.07908317 -0.9968096 15.59632
Camera: -0.1204838 1.358538 -0.2145788 -0.01046909 0.001293243 -0.07964724 -0.9967673 15.62539
Camera: -0.1206757 1.358484 -0.2147252 -0.01055816 0.0009149803 -0.07949525 -0.9967789 15.64966
Camera: -0.1206412 1.358631 -0.2147528 -0.01095182 -5.977244E-05 -0.07894326 -0.996819 15.67366
Camera: -0.1207901 1.35862 -0.2150293 -0.01101321 -0.0005946329 -0.07820095 -0.9968766 15.70124
Camera: -0.1207678 1.358527 -0.2150041 -0.01116144 -0.0008481789 -0.07818694 -0.9968759 15.72985
Camera: -0.1207524 1.358289 -0.2151375 -0.01164945 -0.001038285 -0.07901663 -0.9968047 15.75429
Camera: -0.1208933 1.35808 -0.2152689 -0.01213764 -0.0009037683 -0.07906278 -0.9967954 15.77848
Camera: -0.1212849 1.358113 -0.2153424 -0.01223558 -0.0005559442 -0.07861788 -0.9968296 15.80319
Camera: -0.1216029 1.358175 -0.2152285 -0.01215416 0.0007230724 -0.07946485 -0.9967633 15.82782
Camera: -0.1218278 1.358155 -0.215334 -0.01205497 0.001589297 -0.080368 -0.9966911 15.85171
Camera: -0.1220451 1.358279 -0.2154111 -0.01173248 0.001543695 -0.08051596 -0.9966831 15.87545
Camera: -0.1221559 1.35836 -0.2155143 -0.01133598 0.001242402 -0.08007649 -0.9967235 15.8996
Camera: -0.1221412 1.358333 -0.2155162 -0.01112573 0.000700007 -0.08018148 -0.996718 15.92386
Camera: -0.121862 1.358432 -0.2152971 -0.01147409 -2.170816E-05 -0.08038155 -0.9966981 15.9489
Camera: -0.1217843 1.358388 -0.2152985 -0.01152977 -0.0008912716 -0.08020807 -0.9967111 15.97701
Camera: -0.1216632 1.358375 -0.2153301 -0.01151166 -0.001133212 -0.08028065 -0.9967052 16.00087
Camera: -0.1215177 1.358076 -0.2152932 -0.0116789 -0.001522471 -0.08081757 -0.9966593 16.02798
Camera: -0.1216126 1.357678 -0.2152599 -0.01236788 -0.001636811 -0.08105571 -0.9966315 16.05137
Camera: -0.1214886 1.357581 -0.2150722 -0.01294463 -0.001469781 -0.08122456 -0.9966107 16.07565
Camera: -0.1211901 1.357657 -0.2148855 -0.01358353 -0.001164787 -0.08106631 -0.9966155 16.10076
Camera: -0.1210918 1.35772 -0.2146809 -0.01367276 -0.001370393 -0.08007799 -0.9966939 16.12606
Camera: -0.120973 1.357676 -0.2146099 -0.01349307 -0.001520007 -0.07883701 -0.9967951 16.14962
Camera: -0.1208406 1.357512 -0.2146315 -0.01406579 -0.001481294 -0.07859547 -0.9968063 16.17344
Camera: -0.1207964 1.357307 -0.2146936 -0.01422187 -0.001183346 -0.07903136 -0.99677 16.19712
Camera: -0.1207053 1.357164 -0.2145882 -0.0143196 -0.0009052388 -0.0798078 -0.996707 16.22328
Camera: -0.1206608 1.357192 -0.2146525 -0.0140607 -0.0008700555 -0.07978193 -0.9967128 16.24796
Camera: -0.1206861 1.35736 -0.2144704 -0.01397865 -0.0007046227 -0.07939767 -0.9967448 16.27203
Camera: -0.1205462 1.357244 -0.2144416 -0.01401622 -0.0002233419 -0.08016761 -0.9966828 16.29654
Camera: -0.1204562 1.357154 -0.214654 -0.0142381 -0.0001234591 -0.08045802 -0.9966563 16.32105
Camera: -0.1203938 1.357194 -0.2146224 -0.0140773 -0.000505541 -0.07987656 -0.9967052 16.34565
Camera: -0.1202985 1.357087 -0.2145516 -0.01423559 -0.0007156942 -0.07911061 -0.9967639 16.37027
Camera: -0.1200037 1.357172 -0.2144818 -0.01460392 -0.0006061623 -0.07911318 -0.9967585 16.39449
Camera: -0.1198436 1.357096 -0.2144799 -0.01489819 -0.0002126517 -0.07954627 -0.9967198 16.41919
Camera: -0.1200272 1.357018 -0.2145596 -0.01498686 5.202648E-06 -0.07947566 -0.9967242 16.44406
Camera: -0.1200863 1.356961 -0.2146703 -0.01477289 -0.0001335598 -0.07906975 -0.9967597 16.46783
Camera: -0.1201163 1.357133 -0.2147373 -0.01450123 -0.0004153438 -0.07886121 -0.99678 16.49124
Camera: -0.120133 1.357131 -0.2147247 -0.01440627 -0.0002777507 -0.0795665 -0.9967254 16.51476
Camera: -0.1198189 1.35742 -0.2144827 -0.01429236 -0.0007241289 -0.07941315 -0.9967391 16.53853
Camera: -0.1198186 1.357026 -0.2146977 -0.0141779 -0.001023258 -0.07992651 -0.9966994 16.56227
Camera: -0.1198315 1.356869 -0.2146945 -0.01465458 -0.0009901735 -0.08042133 -0.9966528 16.58742
Camera: -0.1198656 1.356894 -0.2147861 -0.01499548 -0.001147991 -0.08019084 -0.9966661 16.61141
Camera: -0.1199926 1.356901 -0.2148163 -0.01461691 -0.001209614 -0.08006199 -0.996682 16.63593
Camera: -0.1200019 1.356996 -0.2146115 -0.01479482 -0.001084183 -0.08018451 -0.9966697 16.65983
Camera: -0.1202428 1.356878 -0.2146022 -0.01506404 -0.0007726299 -0.08052815 -0.9966382 16.68364
Camera: -0.1202154 1.356664 -0.2144765 -0.0154232 -0.0004965533 -0.08031156 -0.9966504 16.70771
Camera: -0.1201657 1.356612 -0.2143778 -0.0158066 -0.0004332697 -0.07974171 -0.9966902 16.73135
Camera: -0.1200849 1.356452 -0.2141916 -0.01621142 -0.0008744698 -0.07953545 -0.9966998 16.75559
Camera: -0.119902 1.356327 -0.2140735 -0.01636694 -0.001130471 -0.07978948 -0.9966767 16.7794
Camera: -0.1194548 1.356074 -0.2136502 -0.01791676 -0.002233564 -0.08090786 -0.9965581 16.80367
Camera: -0.1190868 1.355798 -0.2133589 -0.01936088 -0.003802957 -0.07994236 -0.9966042 16.82794
Camera: -0.1186023 1.355473 -0.2130753 -0.02054224 -0.005962545 -0.0783744 -0.9966945 16.85221
Camera: -0.1183225 1.35537 -0.2128101 -0.02225902 -0.007421616 -0.07733861 -0.9967288 16.87635
Camera: -0.1179947 1.354734 -0.2126201 -0.02404684 -0.007926992 -0.07795395 -0.9966354 16.90048
Camera: -0.1175797 1.354375 -0.212221 -0.02962335 -0.008483549 -0.07984396 -0.996331 16.93235
Camera: -0.1169696 1.353399 -0.2118824 -0.03318071 -0.01273137 -0.07988819 -0.9961701 16.95565
Camera: -0.1156822 1.352324 -0.2111047 -0.03809888 -0.01822201 -0.07923605 -0.9959609 16.98034
Camera: -0.1134348 1.350067 -0.2088183 -0.04980284 -0.03550698 -0.07456774 -0.9953384 17.00345
Camera: -0.1122318 1.348926 -0.2067437 -0.05750392 -0.04472923 -0.07434184 -0.9945682 17.02736
Camera: -0.1102885 1.347132 -0.2046158 -0.06728069 -0.05362554 -0.07637986 -0.9933598 17.05094
Camera: -0.1077907 1.345056 -0.2024883 -0.08156022 -0.0643357 -0.07584249 -0.9916939 17.07546
Camera: -0.1054193 1.342801 -0.2004062 -0.09654221 -0.08091899 -0.0691229 -0.9896231 17.09961
Camera: -0.1035932 1.340847 -0.1977715 -0.1094564 -0.09535558 -0.05679511 -0.9877757 17.1233
Camera: -0.1020698 1.338563 -0.1944322 -0.1238395 -0.1048247 -0.04755371 -0.9856035 17.14713
Camera: -0.0998278 1.335778 -0.1905161 -0.1424543 -0.1130975 -0.04482581 -0.9822965 17.17165
Camera: -0.09713787 1.333022 -0.1865558 -0.1691252 -0.1192797 -0.03828833 -0.9776006 17.196
Camera: -0.09414598 1.329581 -0.1832623 -0.1929367 -0.1245291 -0.02584163 -0.9729338 17.21937
Camera: -0.09178182 1.324947 -0.1800253 -0.2146002 -0.1332231 -0.01495712 -0.9674578 17.24277
Camera: -0.08908838 1.319315 -0.176239 -0.2396097 -0.141061 -0.007671522 -0.9605364 17.26555
Camera: -0.08623397 1.312877 -0.1714255 -0.2615753 -0.1473067 0.004519476 -0.9538652 17.28866
Camera: -0.08338508 1.305962 -0.1652274 -0.2818029 -0.1523835 0.018454 -0.9471145 17.31076
Camera: -0.0805082 1.29824 -0.1589347 -0.2997712 -0.1533171 0.03135797 -0.9410887 17.33343
Camera: -0.07691169 1.289979 -0.1514579 -0.3196407 -0.154182 0.04089786 -0.9340156 17.35462
Camera: -0.07370597 1.281124 -0.1434944 -0.3337443 -0.1537727 0.05121769 -0.9286256 17.37595
Camera: -0.07124859 1.271552 -0.1339549 -0.3402207 -0.1508683 0.0629056 -0.92603 17.39652
Camera: -0.06953907 1.262416 -0.1244199 -0.345099 -0.1456594 0.06864873 -0.9246499 17.41813
Camera: -0.06647506 1.253502 -0.1164431 -0.3523053 -0.1348339 0.07388818 -0.9231692 17.43982
Camera: -0.06163919 1.243167 -0.1077449 -0.3662133 -0.121613 0.0712517 -0.9197942 17.46018
Camera: -0.05580005 1.231752 -0.09966345 -0.3838108 -0.1063064 0.06230904 -0.9151534 17.48134
Camera: -0.04923186 1.21922 -0.09197666 -0.3916989 -0.09422533 0.06184001 -0.9131645 17.50211
Camera: -0.04257381 1.205639 -0.08434482 -0.3924522 -0.07912929 0.06296794 -0.9141963 17.52333
Camera: -0.03849691 1.191856 -0.07629253 -0.4002036 -0.0571253 0.0516968 -0.913182 17.54477
Camera: -0.03512874 1.17637 -0.06884964 -0.4065413 -0.02482663 0.04393199 -0.9122378 17.56586
Camera: -0.03041741 1.159716 -0.06172158 -0.4152744 0.003436339 0.0474818 -0.9084496 17.58667
Camera: -0.02705356 1.14309 -0.0549372 -0.4210867 0.02951821 0.053746 -0.9049453 17.60725
Camera: -0.02745676 1.12686 -0.04823138 -0.4185872 0.05812757 0.06252005 -0.9041556 17.6285
Camera: -0.02933103 1.110239 -0.04162188 -0.4174621 0.0970772 0.06488916 -0.9011608 17.64954
Camera: -0.0305638 1.093162 -0.03750707 -0.4152852 0.1364719 0.0638728 -0.8971254 17.67133
Camera: -0.03022042 1.07452 -0.03391381 -0.4115983 0.1707715 0.06363139 -0.8929586 17.69266
Camera: -0.03272131 1.057209 -0.0297177 -0.399989 0.197232 0.07189684 -0.8921543 17.7137
Camera: -0.03844252 1.040825 -0.02617879 -0.3819448 0.2253391 0.07977509 -0.8927354 17.73537
Camera: -0.04197064 1.023592 -0.02177687 -0.3717139 0.2513345 0.09045574 -0.889088 17.75737
Camera: -0.04529732 1.005299 -0.02114852 -0.3591315 0.2735352 0.1110684 -0.8853626 17.77956
Camera: -0.05004203 0.9891545 -0.02126648 -0.3475791 0.287801 0.1351937 -0.8820896 17.80178
Camera: -0.05371973 0.9814624 -0.02377172 -0.3306698 0.2698317 0.1192698 -0.8964502 17.82426
Camera: -0.04371068 0.9775562 -0.0204524 -0.3311676 0.2921421 0.091088 -0.8925716 17.84787
Camera: -0.03874022 0.9707115 -0.01707216 -0.315724 0.2687336 0.07732991 -0.9067087 17.86971
Camera: -0.03486302 0.964593 -0.0103286 -0.2853706 0.2649449 0.05187838 -0.9196067 17.89208
Camera: -0.03421709 0.9616495 -0.00251986 -0.2519115 0.2610079 0.03816326 -0.9311064 17.91493
Camera: -0.03545848 0.9576582 0.00414239 -0.2157181 0.2670619 0.04950199 -0.9379197 17.93838
Camera: -0.03862762 0.9549425 0.00890796 -0.1876657 0.2748052 0.04396799 -0.9419822 17.96158
Camera: -0.0399057 0.9527602 0.01437627 -0.1570082 0.2752011 0.03491686 -0.9478363 17.98569
Camera: -0.03911945 0.9516907 0.0234261 -0.1285555 0.2751175 0.02503904 -0.9524479 18.00941
Camera: -0.03811851 0.9510352 0.03652243 -0.099405 0.2673759 0.005239729 -0.9584369 18.03301
Camera: -0.03891075 0.9504833 0.04811306 -0.07025729 0.2588267 -0.009581982 -0.9633176 18.05646
Camera: -0.04046434 0.9506813 0.0574763 -0.04555812 0.2505892 -0.0168893 -0.9668735 18.08088
Camera: -0.04415861 0.9512608 0.06436326 -0.02616962 0.2384375 -0.01720053 -0.9706528 18.10679
Camera: -0.04807934 0.9510781 0.06938131 -0.01348822 0.2293435 -0.007308201 -0.9732246 18.13085
Camera: -0.05259237 0.9486614 0.06865706 0.000466099 0.2085696 0.02892909 -0.9775795 18.1545
Camera: -0.05789328 0.9451122 0.06559585 0.005427515 0.1986776 0.05764835 -0.9783529 18.1789
Camera: -0.05983019 0.9406999 0.06132604 -0.008544086 0.1916216 0.06794288 -0.9790771 18.20231
Camera: -0.0601567 0.9215102 0.05063511 -0.02029182 0.1567094 0.09830473 -0.9825307 18.22727
Camera: -0.05585027 0.9077762 0.04609658 -0.03307097 0.1564583 0.1218501 -0.9795814 18.2517
Camera: -0.05383378 0.8948657 0.04090171 -0.04518103 0.1472121 0.1343792 -0.978892 18.27723
Camera: -0.05173823 0.8814448 0.03662573 -0.05677211 0.1315184 0.1477047 -0.9786027 18.30158
Camera: -0.04830486 0.8682793 0.0334696 -0.06403101 0.1192757 0.1746913 -0.9752725 18.32758
Camera: -0.04411632 0.8555066 0.03017394 -0.07377337 0.1073946 0.1970742 -0.9716921 18.35346
Camera: -0.04189241 0.845267 0.02620499 -0.08622751 0.09267079 0.2090108 -0.9696863 18.37816
Camera: -0.03846842 0.8373355 0.02305685 -0.1056591 0.08321182 0.2186104 -0.9664996 18.40236
Camera: -0.02874488 0.8230917 0.01841627 -0.1495439 0.06965673 0.2112917 -0.9634004 18.42696
Camera: -0.02063683 0.8159897 0.01859616 -0.1622462 0.06984185 0.1960953 -0.9645439 18.45239
Camera: -0.01300466 0.8090959 0.01991986 -0.1655145 0.06451864 0.1705151 -0.9692094 18.47655
Camera: -0.006089061 0.8061474 0.02329169 -0.1676578 0.06937905 0.1252726 -0.9753892 18.50019
Camera: -0.0003437102 0.8066747 0.02726547 -0.1618454 0.07611854 0.1053724 -0.9782171 18.52492
Camera: 0.003167272 0.8101111 0.02938358 -0.1527649 0.07864588 0.1120776 -0.978732 18.54926
Camera: 0.00535056 0.812883 0.03111778 -0.1494943 0.08430974 0.1127334 -0.9786902 18.57344
Camera: 0.008659571 0.81241 0.03138678 -0.1477879 0.08111275 0.1037636 -0.9802105 18.60119
Camera: 0.01222456 0.8048037 0.03197311 -0.1577238 0.06226277 0.09040951 -0.9813626 18.62628
Camera: 0.009820163 0.8032572 0.03160392 -0.1643887 0.05245909 0.106053 -0.9792739 18.65344
Camera: 0.005495101 0.8037839 0.03085755 -0.168665 0.05172939 0.1198759 -0.9769883 18.67829
Camera: 0.004337937 0.8059821 0.03060554 -0.169103 0.05580558 0.1167761 -0.9770636 18.70129
Camera: 0.005310446 0.8067406 0.03173415 -0.1653844 0.06187133 0.114004 -0.977662 18.7255
Camera: 0.005337626 0.8072257 0.03202949 -0.163792 0.06366333 0.1128733 -0.9779462 18.7491
Camera: 0.004878193 0.8069029 0.03127126 -0.1629594 0.06028749 0.1137892 -0.9781931 18.77286
Camera: 0.003949344 0.8072589 0.03148107 -0.1683727 0.05774677 0.1197261 -0.9767199 18.79685
Camera: 0.006024033 0.8058854 0.0321881 -0.1691638 0.05703251 0.1195035 -0.9766524 18.82083
Camera: 0.006198436 0.8062498 0.03235416 -0.1728479 0.0593072 0.1208226 -0.9757091 18.8443
Camera: 0.006203532 0.8063207 0.03311609 -0.1695367 0.06090634 0.1189576 -0.9764205 18.8684
Camera: 0.005674332 0.8053809 0.03302698 -0.16542 0.06614818 0.1136506 -0.9774171 18.89227
Camera: 0.004828125 0.8054234 0.03340106 -0.1655595 0.06183005 0.1154897 -0.9774606 18.91619
Camera: 0.00483498 0.805128 0.03415315 -0.1671248 0.05925683 0.1163369 -0.9772531 18.94138
Camera: 0.005224705 0.8045728 0.03483073 -0.1690047 0.06073804 0.1163027 -0.9768429 18.96507
Camera: 0.005334616 0.8039649 0.03589182 -0.1695765 0.06405412 0.1144201 -0.9767543 18.98889
Camera: 0.005432874 0.8035079 0.03645061 -0.1707639 0.06460758 0.1157331 -0.9763562 19.01201
Camera: 0.006646961 0.8025327 0.03716783 -0.1721797 0.06379884 0.1164761 -0.9760723 19.03615
Camera: 0.006596535 0.8024993 0.03755902 -0.1720432 0.06223347 0.1163569 -0.9762117 19.06384
Camera: 0.006604254 0.8022124 0.03805487 -0.1722373 0.06327489 0.1163453 -0.9761119 19.08742
Camera: 0.006614983 0.8018314 0.03850524 -0.1725501 0.06469967 0.1162271 -0.9759773 19.11111
Camera: 0.006765068 0.801223 0.03895931 -0.1721734 0.06653833 0.1164182 -0.9758975 19.1351
Camera: 0.006544381 0.8010128 0.03972678 -0.1752322 0.06818331 0.1165898 -0.9752187 19.15893
Camera: 0.006178856 0.8013394 0.04067378 -0.1781893 0.06860604 0.1167332 -0.9746359 19.18285
Camera: 0.005887836 0.8013207 0.04141675 -0.1800807 0.06914018 0.117403 -0.97417 19.20714
Camera: 0.005813003 0.801403 0.04184459 -0.1812684 0.07130065 0.1164921 -0.9739033 19.23077
Camera: 0.005250931 0.8016943 0.0424103 -0.182703 0.07199544 0.1162276 -0.9736156 19.25504
Camera: 0.005438179 0.8013617 0.04301576 -0.1838188 0.0724939 0.1168482 -0.9732943 19.27811
Camera: 0.005649447 0.8012589 0.04351513 -0.1849811 0.07221932 0.1170107 -0.973075 19.30178
Camera: 0.005933672 0.8013216 0.04399894 -0.1857081 0.07194921 0.1175969 -0.9728858 19.32585
Camera: 0.006242037 0.801251 0.04472534 -0.1859211 0.0713127 0.1177658 -0.9728716 19.3492
Camera: 0.006450981 0.8009996 0.0455498 -0.1866084 0.07111813 0.1180834 -0.9727157 19.37271
Camera: 0.006649345 0.8012823 0.04611458 -0.1872109 0.07131968 0.1180747 -0.9725863 19.39663
Camera: 0.007177323 0.8007996 0.04689471 -0.1871742 0.07436122 0.1204485 -0.9720743 19.42198
Camera: 0.01003644 0.7988034 0.04830821 -0.1870359 0.07850387 0.1192091 -0.9719279 19.44646
Camera: 0.01114321 0.7984199 0.04780228 -0.1911088 0.07137148 0.1202913 -0.9715521 19.46956
Camera: 0.011852 0.798066 0.04809327 -0.1912042 0.07029411 0.1207433 -0.9715559 19.49241
Camera: 0.01262829 0.7974592 0.04848413 -0.1912435 0.07219828 0.1201219 -0.9714855 19.51578
Camera: 0.01336086 0.7971284 0.04908864 -0.1927215 0.07209241 0.1208973 -0.971105 19.53905
Camera: 0.01414964 0.7967777 0.04972379 -0.1940028 0.07207492 0.121926 -0.9707226 19.56296
Camera: 0.0157856 0.7960742 0.05058242 -0.1952507 0.06769443 0.1198012 -0.9710522 19.5865
Camera: 0.01690274 0.7954636 0.05168264 -0.1969337 0.06446732 0.1198438 -0.9709267 19.60962
Camera: 0.01777878 0.7948713 0.05268399 -0.1989773 0.06402084 0.1208166 -0.9704189 19.63313
Camera: 0.01825497 0.7945125 0.05339237 -0.2009704 0.06382819 0.1221657 -0.9698518 19.65578
Camera: 0.01847839 0.7942706 0.05394857 -0.2021099 0.06481356 0.1226963 -0.9694826 19.6791
Camera: 0.01857194 0.7939733 0.0544097 -0.2023148 0.06560804 0.1224301 -0.96942 19.70308
Camera: 0.01869515 0.7936497 0.05473508 -0.2022031 0.06599875 0.1218736 -0.969487 19.72899
Camera: 0.01858658 0.7942262 0.05546741 -0.2024014 0.06687083 0.1212789 -0.9694604 19.75577
Camera: 0.0184063 0.7939683 0.05579911 -0.2023999 0.06809783 0.121559 -0.9693402 19.77899
Camera: 0.01767191 0.793808 0.05606662 -0.2050269 0.07108188 0.1211314 -0.9686272 19.80244
Camera: 0.01772201 0.7933095 0.05682026 -0.2049175 0.07633588 0.1217883 -0.968168 19.82513
Camera: 0.01790118 0.7928362 0.0574476 -0.2048113 0.07885663 0.12211 -0.9679479 19.84795
Camera: 0.01827523 0.7927408 0.05744557 -0.2051421 0.0774724 0.1215319 -0.9680624 19.87121
Camera: 0.01717204 0.7947596 0.05731599 -0.2059106 0.07332792 0.1215008 -0.9682259 19.8954
Camera: 0.01627135 0.7961844 0.05744003 -0.2057702 0.07180116 0.1216089 -0.9683566 19.91926
Camera: 0.01640815 0.7960507 0.0575835 -0.2057926 0.07191232 0.1218796 -0.9683096 19.94442
Camera: 0.01656571 0.7959906 0.05772768 -0.2065854 0.07240259 0.1220065 -0.9680882 19.96799
Camera: 0.01668608 0.7958825 0.05774756 -0.2072552 0.07185231 0.1224254 -0.9679332 19.99141
Camera: 0.01677224 0.7958997 0.05765279 -0.2080171 0.07077885 0.1222372 -0.9678726 20.01597
Camera: 0.01685101 0.7958224 0.05759494 -0.2087098 0.07036355 0.1224123 -0.9677316 20.04008
Camera: 0.01682049 0.7959099 0.05761616 -0.2093714 0.07023361 0.1228606 -0.9675413 20.06413
Camera: 0.0168294 0.7958575 0.05752631 -0.2098142 0.07030837 0.1230016 -0.967422 20.08717
Camera: 0.01689547 0.7958617 0.05738239 -0.2100755 0.07003763 0.1228046 -0.96741 20.11004
Camera: 0.01678035 0.7959081 0.05737273 -0.2099224 0.06968267 0.1230106 -0.9674428 20.1362
Camera: 0.01693726 0.7959329 0.05727877 -0.2102304 0.06976894 0.1233096 -0.9673315 20.15999
Camera: 0.01683703 0.7959713 0.05724277 -0.2102461 0.06988785 0.1232121 -0.9673319 20.1834
Camera: 0.01676062 0.7959735 0.05720352 -0.2102506 0.0701326 0.1230783 -0.9673303 20.20905
Camera: 0.0167599 0.7959788 0.05720757 -0.2102471 0.0705599 0.1232824 -0.967274 20.23389
Camera: 0.01677096 0.7960188 0.05722968 -0.2101567 0.07068624 0.1231313 -0.9673036 20.2589
Camera: 0.01685408 0.796254 0.05718385 -0.2102391 0.07045051 0.1233188 -0.967279 20.28275
Camera: 0.0168196 0.7962559 0.0571989 -0.2105188 0.07034824 0.12345 -0.9672089 20.31142
Camera: 0.01627395 0.7970556 0.05756925 -0.2108936 0.07058246 0.1231709 -0.9671459 20.33587
Camera: 0.01587936 0.7974904 0.05764137 -0.2107153 0.07093065 0.123036 -0.9671763 20.36263
Camera: 0.01581815 0.7975354 0.05763702 -0.2105746 0.07105338 0.1232233 -0.9671742 20.38577
Camera: 0.01573181 0.7975523 0.05760305 -0.2103756 0.07111713 0.1231893 -0.9672171 20.40983
Camera: 0.01562831 0.7976157 0.05758573 -0.2108069 0.07116903 0.1233618 -0.9670973 20.43462
Camera: 0.01592827 0.7971442 0.0574341 -0.211082 0.07131588 0.1235558 -0.9670018 20.4601
Camera: 0.01558837 0.7976152 0.05754621 -0.211315 0.0715145 0.1235418 -0.966938 20.48404
Camera: 0.0155319 0.7976692 0.05756621 -0.2114468 0.07144938 0.1232748 -0.9669481 20.50716
Camera: 0.01548278 0.7976716 0.05757882 -0.2114031 0.07140277 0.1233279 -0.9669543 20.53075
Camera: 0.01542151 0.7977409 0.05760302 -0.2117961 0.07139631 0.1236339 -0.9668297 20.55369
Camera: 0.01533958 0.7978089 0.05770485 -0.2118821 0.07169219 0.1235095 -0.9668049 20.57811
Camera: 0.01527858 0.7979427 0.05790843 -0.2119612 0.07155753 0.1234046 -0.9668109 20.60227
Camera: 0.01529902 0.7979845 0.05789463 -0.2117583 0.071381 0.1232706 -0.9668855 20.62597
Camera: 0.01529688 0.7980068 0.05795346 -0.2119391 0.07143562 0.123339 -0.9668331 20.64913
Camera: 0.0152553 0.7980002 0.05801134 -0.2120692 0.07162887 0.12371 -0.9667429 20.6725
Camera: 0.01516798 0.7980204 0.05809228 -0.2120895 0.07192198 0.1238341 -0.9667008 20.70235
Camera: 0.01504222 0.7981807 0.05799256 -0.2117682 0.07141384 0.1233422 -0.9668717 20.72996
Camera: 0.01503083 0.7982458 0.05794685 -0.2116104 0.07127584 0.1233886 -0.9669106 20.7537
Camera: 0.01505077 0.7983176 0.05791663 -0.2116591 0.07124136 0.123463 -0.966893 20.78649
