Google 10.61917
Camera: -0.002494425 1.263912 -0.07529975 0.1118938 0.08730624 -0.0177744 -0.9897179 10.61917
Camera: -0.00206849 1.26356 -0.07538988 0.1110622 0.08660004 -0.01762837 -0.9898762 10.67308
Camera: -0.001468092 1.263863 -0.07543381 0.1119597 0.08531182 -0.01549884 -0.9899226 10.71558
Camera: -0.001226008 1.264274 -0.07542779 0.1133913 0.0846693 -0.01525187 -0.9898186 10.7664
Camera: -0.0005878508 1.264339 -0.07581927 0.1136312 0.08414057 -0.01565603 -0.9898299 10.832
Camera: -0.0004356205 1.264261 -0.07590403 0.1132185 0.08419438 -0.01616881 -0.9898643 10.87712
Camera: -0.001247227 1.261997 -0.07487179 0.09891338 0.08600415 -0.01805583 -0.9912081 10.91902
Camera: -0.002695382 1.259423 -0.07416154 0.08435025 0.09404396 -0.01967841 -0.9917931 10.97912
Camera: -0.007188439 1.25337 -0.07200094 0.05491078 0.1129651 -0.01973511 -0.9918842 11.02535
Camera: -0.008647114 1.25225 -0.071068 0.05236577 0.1156189 -0.02392079 -0.9916239 11.07068
Camera: -0.01013938 1.248321 -0.0703633 0.03667975 0.1157027 -0.03068675 -0.9921319 11.12975
Camera: -0.01066062 1.247478 -0.06954332 0.03431706 0.115154 -0.03083549 -0.9922757 11.17457
Camera: -0.01133478 1.246361 -0.06964298 0.02956016 0.112757 -0.02940227 -0.9927475 11.21351
Camera: -0.01162764 1.246156 -0.07000257 0.0281502 0.1111611 -0.03033056 -0.9929405 11.27956
Camera: -0.01218292 1.246611 -0.07168241 0.02987395 0.1088552 -0.03196624 -0.9930943 11.3216
Camera: -0.01239628 1.247129 -0.07265235 0.03162991 0.1086174 -0.03322119 -0.9930248 11.36623
Camera: -0.01273775 1.247712 -0.07336517 0.03285388 0.1091721 -0.03320059 -0.9929249 11.40379
Camera: -0.01346228 1.248242 -0.07425095 0.03504314 0.1102054 -0.03311857 -0.9927386 11.46956
Camera: -0.01433551 1.247762 -0.07447 0.03457369 0.1117162 -0.03344353 -0.9925753 11.53149
Camera: -0.01483339 1.247532 -0.0744933 0.03465635 0.1125163 -0.03418191 -0.9924569 11.57692
Camera: -0.01496336 1.24739 -0.07393469 0.03390111 0.1131125 -0.03422181 -0.9924138 11.62143
Camera: -0.015113 1.247337 -0.07381703 0.0334714 0.1129761 -0.03388572 -0.9924555 11.67202
Camera: -0.01494625 1.247166 -0.07333387 0.0336591 0.1120052 -0.03373447 -0.9925643 11.74268
Camera: -0.01487356 1.247333 -0.07304706 0.0334195 0.1101355 -0.03381727 -0.9927788 11.80138
Camera: -0.01447845 1.248178 -0.07285638 0.03706737 0.1069365 -0.03510964 -0.9929541 11.84536
Camera: -0.01357868 1.24886 -0.07276322 0.0401189 0.102987 -0.03473803 -0.993266 11.89567
Camera: -0.01194951 1.25001 -0.07235666 0.04479615 0.09289233 -0.0344898 -0.9940698 11.95575
Camera: -0.008233488 1.251814 -0.07227196 0.05280125 0.07171027 -0.03532946 -0.9954002 12.0014
Camera: -0.006219447 1.25255 -0.07170315 0.05619476 0.06225831 -0.03419106 -0.9958901 12.04305
Camera: -0.004266948 1.252671 -0.07282706 0.05606914 0.05518316 -0.03473525 -0.9962955 12.10417
Camera: -0.003333181 1.253571 -0.07310881 0.05931978 0.05388337 -0.03410551 -0.9962001 12.14964
Camera: -0.002954781 1.254158 -0.07325341 0.06140918 0.05490811 -0.03307914 -0.9960521 12.19237
Camera: -0.002441943 1.254233 -0.07301392 0.06259277 0.05615177 -0.0322323 -0.9959369 12.25394
Camera: -0.002136528 1.25395 -0.07293047 0.06060986 0.0561689 -0.03292169 -0.996036 12.29748
Camera: -0.001845807 1.254279 -0.07274283 0.06163288 0.05596225 -0.03294022 -0.9959843 12.34055
Camera: -0.001072764 1.25438 -0.07258071 0.06242139 0.05493258 -0.03409596 -0.9959536 12.40294
Camera: -0.0005415082 1.253903 -0.0719588 0.06088351 0.05507177 -0.03311382 -0.9960742 12.44832
Camera: -0.001648158 1.253452 -0.07158996 0.05793845 0.06540775 -0.03353985 -0.9956104 12.48769
Camera: -0.003686458 1.252411 -0.07120569 0.05278631 0.07932403 -0.02901328 -0.9950274 12.54575
Camera: -0.005923092 1.251593 -0.07117303 0.04893452 0.08672189 -0.0275582 -0.9946483 12.5916
Camera: -0.006862521 1.251348 -0.07150979 0.04903828 0.08883096 -0.03084769 -0.9943604 12.62945
Camera: -0.007935584 1.251104 -0.07163031 0.04919338 0.08965153 -0.03217369 -0.9942371 12.67527
Camera: -0.009524733 1.250729 -0.07182355 0.04740474 0.09145641 -0.03409768 -0.9940955 12.73491
Camera: -0.01015255 1.25036 -0.07157744 0.04636979 0.09330987 -0.03296094 -0.9940104 12.77957
Camera: -0.01185548 1.250797 -0.0725195 0.04671513 0.0961136 -0.0318976 -0.9937618 12.81846
Camera: -0.01240718 1.250935 -0.07288529 0.04721898 0.09619472 -0.03194829 -0.9937285 12.86438
Camera: -0.01307666 1.251361 -0.07334532 0.04942062 0.09645285 -0.03285705 -0.9935668 12.93451
Camera: -0.01464438 1.251323 -0.07426299 0.05137186 0.09755157 -0.03647238 -0.9932343 12.98852
Camera: -0.01533279 1.251326 -0.07443155 0.05049363 0.09801089 -0.03687054 -0.9932194 13.03303
Camera: -0.01553136 1.251341 -0.07451685 0.05034592 0.09872758 -0.03747247 -0.9931334 13.08035
Camera: -0.01560625 1.251307 -0.07504894 0.05021208 0.09995185 -0.03719591 -0.9930282 13.14182
Camera: -0.01513168 1.251321 -0.07523216 0.04984693 0.09949483 -0.03663819 -0.9931132 13.18592
Camera: -0.01499021 1.251181 -0.07538779 0.0497645 0.09936187 -0.03658927 -0.9931324 13.22899
Camera: -0.01506448 1.250934 -0.07543887 0.04791689 0.1005403 -0.03715754 -0.9930836 13.29504
Camera: -0.01718056 1.249444 -0.0754623 0.04098506 0.1151254 -0.03572099 -0.9918621 13.34128
Camera: -0.02107155 1.247401 -0.0754068 0.02953294 0.1413659 -0.02728371 -0.9891406 13.38351
Camera: -0.0244765 1.24663 -0.07550885 0.02456664 0.1634708 -0.02016589 -0.9860361 13.44599
Camera: -0.03182879 1.243761 -0.07685675 0.009413842 0.2117927 -0.007694934 -0.977239 13.49258
Camera: -0.03499994 1.243072 -0.07756521 0.006445516 0.2311925 -0.004767088 -0.972875 13.53544
Camera: -0.04050633 1.242215 -0.07955576 0.001102876 0.2671262 -0.002702229 -0.9636571 13.61757
Camera: -0.041646 1.242153 -0.07932873 0.0009884384 0.2726039 -0.002636446 -0.9621223 13.66479
Camera: -0.04238117 1.242065 -0.07942833 0.0003193653 0.2784402 -0.003464232 -0.9604473 13.7031
Camera: -0.04273537 1.241436 -0.07995613 -0.0008473753 0.2796432 -0.003392348 -0.9600977 13.74946
Camera: -0.04303247 1.241631 -0.07984467 0.001008179 0.2794426 -0.003782057 -0.9601545 13.80846
Camera: -0.04370144 1.241693 -0.07970317 0.00072891 0.2793203 -0.002442519 -0.9601946 13.85409
Camera: -0.04409453 1.241676 -0.0793239 0.0007856183 0.279993 -0.003404446 -0.9599957 13.89476
Camera: -0.04465762 1.241405 -0.0792522 0.0008576884 0.2800442 -0.004263881 -0.9599773 13.94247
Camera: -0.04567027 1.241112 -0.07888736 0.002346868 0.2823081 -0.004678691 -0.9593096 14.00252
Noticed 14.22851
Youtube 23.70873
Camera: 0.007611156 1.259784 -0.09720339 0.08634091 0.03839317 -0.02019915 -0.9953207 23.70873
Camera: 0.008105099 1.259954 -0.09747203 0.08601729 0.03846278 -0.01905157 -0.9953687 23.75183
Camera: 0.008209527 1.25985 -0.0975429 0.08605903 0.03801529 -0.01919807 -0.9953794 23.7949
Camera: 0.008434832 1.260022 -0.0976723 0.08650556 0.03718034 -0.02005792 -0.9953553 23.86007
Camera: 0.008956194 1.259815 -0.09765829 0.08471782 0.03619495 -0.01836643 -0.995578 23.9173
Camera: 0.008954972 1.260047 -0.09758313 0.08473107 0.03602377 -0.0180129 -0.9955895 23.95864
Camera: 0.008672684 1.260036 -0.09785368 0.0854691 0.03648375 -0.01837756 -0.995503 24.01869
Camera: 0.008088738 1.260152 -0.09797867 0.0861315 0.03886329 -0.02002209 -0.9953241 24.06362
Camera: 0.008021772 1.260096 -0.09811504 0.08567822 0.03844149 -0.02005794 -0.995379 24.10761
Camera: 0.008197904 1.260301 -0.0981489 0.08674744 0.03789057 -0.02091957 -0.9952897 24.172
Camera: 0.008540809 1.260046 -0.09780015 0.08567473 0.03568975 -0.02086157 -0.9954652 24.21623
Camera: 0.008870035 1.259908 -0.09775032 0.08484819 0.034183 -0.02099317 -0.9955861 24.25332
Camera: 0.009344548 1.259641 -0.09766491 0.08412078 0.03310761 -0.02053856 -0.9956937 24.3178
Camera: 0.01027128 1.259781 -0.09759231 0.08419758 0.02951341 -0.02076868 -0.9957954 24.35617
Camera: 0.0109635 1.25972 -0.09780283 0.08405764 0.02688401 -0.02091637 -0.9958786 24.39994
Camera: 0.01154116 1.26019 -0.09806646 0.08630034 0.02539466 -0.02267678 -0.9956873 24.43677
Camera: 0.01126415 1.260309 -0.098368 0.08822066 0.02929506 -0.02179301 -0.9954316 24.50139
Camera: 0.0113005 1.261499 -0.09891523 0.09408014 0.03414672 -0.02076459 -0.9947622 24.53774
Camera: 0.01115263 1.262416 -0.09961833 0.09904733 0.03611846 -0.01990495 -0.9942278 24.58168
Camera: 0.01122409 1.262428 -0.1009112 0.1010454 0.0370847 -0.01952197 -0.9939988 24.61958
Camera: 0.01165795 1.262656 -0.1013459 0.1011945 0.03718691 -0.01991674 -0.9939719 24.68729
Camera: 0.01157868 1.262142 -0.1018195 0.09748936 0.03993481 -0.01820055 -0.9942685 24.72943
Camera: 0.01171464 1.261587 -0.1015108 0.0955798 0.04173966 -0.01877128 -0.9943691 24.77815
Camera: 0.01162237 1.261915 -0.1012184 0.09638152 0.04269661 -0.0187877 -0.9942508 24.81811
Camera: 0.01147467 1.261957 -0.1010563 0.09600509 0.04399565 -0.01827621 -0.9942402 24.87728
Camera: 0.01124787 1.261654 -0.1016317 0.09698248 0.0439862 -0.01838908 -0.9941436 24.92298
Camera: 0.01131493 1.261735 -0.1017273 0.09652424 0.04351107 -0.01891703 -0.9941992 24.96782
Camera: 0.01122618 1.26225 -0.1016416 0.0987585 0.04152643 -0.01893287 -0.9940643 25.03775
Camera: 0.01108167 1.262544 -0.1016669 0.09967135 0.04240804 -0.01861537 -0.993942 25.08414
Camera: 0.01093179 1.262436 -0.1017296 0.09823374 0.0428282 -0.0186872 -0.9940658 25.15407
Camera: 0.01068491 1.262246 -0.10167 0.0986975 0.04346348 -0.01839944 -0.9939976 25.19517
Camera: 0.01057017 1.262325 -0.101639 0.09877346 0.04340842 -0.01889367 -0.9939831 25.23841
Camera: 0.01041251 1.26252 -0.1014737 0.0988162 0.0435205 -0.01912787 -0.9939696 25.3046
Camera: 0.01004288 1.262531 -0.1015372 0.09966096 0.04505687 -0.01953126 -0.9938089 25.34589
Camera: 0.01005173 1.262538 -0.1016652 0.09959382 0.04585848 -0.01956863 -0.9937782 25.39005
Camera: 0.009861559 1.262539 -0.101746 0.09982526 0.04666828 -0.01951135 -0.9937184 25.45823
Camera: 0.01000565 1.262538 -0.1013522 0.1000963 0.04658923 -0.01905135 -0.9937038 25.50075
Camera: 0.01016584 1.262565 -0.1015593 0.1005548 0.04714458 -0.01901733 -0.993632 25.54413
Camera: 0.01031423 1.262693 -0.101666 0.1010911 0.04700636 -0.01850635 -0.9935938 25.58153
Camera: 0.01054752 1.262581 -0.1016594 0.1007024 0.04742676 -0.01845315 -0.9936143 25.6257
Camera: 0.01056278 1.262682 -0.1017334 0.1011699 0.04809992 -0.01796 -0.9935434 25.68341
Camera: 0.01078936 1.262726 -0.1020378 0.101587 0.04918087 -0.01687084 -0.993467 25.72673
Camera: 0.01091293 1.262625 -0.1021359 0.1013056 0.04969285 -0.01710859 -0.9934662 25.765
Camera: 0.01100087 1.262592 -0.1019237 0.09991194 0.05110867 -0.01604139 -0.9935533 25.81275
Camera: 0.01130283 1.262304 -0.1019422 0.09814534 0.05092504 -0.01605492 -0.9937386 25.89759
Camera: 0.0118753 1.26153 -0.1009724 0.09537093 0.05046444 -0.01587949 -0.994035 25.94269
Camera: 0.01161736 1.261374 -0.1010146 0.09288159 0.05177072 -0.01641588 -0.9941948 25.98986
Camera: 0.01129651 1.261141 -0.1008396 0.09189389 0.0541991 -0.01595401 -0.9941647 26.02753
Camera: 0.01054811 1.261286 -0.1007903 0.09291871 0.05915372 -0.01394711 -0.9938171 26.09272
Camera: 0.006183535 1.26277 -0.1010267 0.1022642 0.08738833 -0.009303508 -0.9908677 26.13454
Camera: -0.0008772612 1.263948 -0.1027619 0.109267 0.1327793 0.006608841 -0.9850821 26.1775
Camera: -0.003425658 1.265877 -0.1039461 0.118849 0.1546109 0.01163283 -0.9807319 26.24414
Camera: -0.004501104 1.267107 -0.1061627 0.1250213 0.1743968 0.02180216 -0.9764631 26.29275
Camera: -0.003036827 1.266823 -0.1065765 0.1247304 0.1739317 0.0225965 -0.9765652 26.33668
Camera: -0.0005300045 1.266363 -0.1067254 0.1217935 0.1670339 0.02869555 -0.9779788 26.40392
Camera: 0.00014323 1.265952 -0.106722 0.1191033 0.1642269 0.03170304 -0.9786924 26.44425
Camera: -4.887581E-06 1.265857 -0.1065413 0.11796 0.165076 0.03147338 -0.9786955 26.48644
Noticed 26.7137
Google 32.43057
Camera: 0.006703824 1.247325 -0.08676089 0.0231395 0.0713263 -0.01406271 -0.9970855 32.43057
Camera: 0.007645875 1.247629 -0.08616187 0.02458821 0.06909354 -0.01396227 -0.9972094 32.47831
Camera: 0.008468807 1.248229 -0.08596464 0.02747008 0.06462192 -0.01420501 -0.9974306 32.52143
Camera: 0.009536237 1.249082 -0.08584924 0.03159067 0.05806137 -0.01433543 -0.9977101 32.58191
Camera: 0.01292765 1.250494 -0.08507533 0.04026454 0.04041822 -0.01572989 -0.9982473 32.63368
Camera: 0.01834959 1.252189 -0.08425863 0.04927466 0.0140367 -0.01887192 -0.9985083 32.6706
Camera: 0.02125365 1.252558 -0.08434559 0.05239461 0.00106515 -0.01853071 -0.998454 32.71858
Camera: 0.02549177 1.252252 -0.08406521 0.05065474 -0.02008693 -0.01873551 -0.9983385 32.77601
Camera: 0.03274757 1.250854 -0.08387716 0.04150354 -0.05275347 -0.02000932 -0.9975441 32.82028
Camera: 0.03505373 1.250114 -0.08366521 0.03978421 -0.0595887 -0.01813915 -0.9972649 32.85751
Camera: 0.03670883 1.249902 -0.08348288 0.039251 -0.06283007 -0.01719498 -0.9971039 32.92707
Camera: 0.04003632 1.249144 -0.08309008 0.03703314 -0.06477731 -0.01495444 -0.9971002 32.96873
Camera: 0.04068887 1.249017 -0.08275427 0.0367551 -0.06165138 -0.01351052 -0.9973292 33.01923
Camera: 0.04097718 1.248861 -0.08261813 0.03545395 -0.05909063 -0.01169056 -0.9975544 33.07763
Camera: 0.04206663 1.248772 -0.08277686 0.03502307 -0.05773092 -0.01232924 -0.9976416 33.11786
Camera: 0.04234713 1.248678 -0.08282866 0.03466898 -0.05672723 -0.01169984 -0.997719 33.1591
Camera: 0.0426209 1.248424 -0.08258595 0.03335485 -0.05585649 -0.01149312 -0.9978154 33.22412
Camera: 0.04249716 1.248227 -0.08263429 0.03295524 -0.05282265 -0.01149574 -0.9979938 33.2628
Camera: 0.04204857 1.248199 -0.08259548 0.03207079 -0.04946683 -0.01135443 -0.9981962 33.30568
Camera: 0.04170266 1.248112 -0.08250995 0.03251402 -0.04699355 -0.01164972 -0.9982979 33.37283
Camera: 0.04085588 1.248137 -0.08253027 0.0319855 -0.04352378 -0.01193142 -0.998469 33.41308
Camera: 0.04045483 1.248053 -0.08232094 0.032 -0.04216024 -0.01192448 -0.9985271 33.45873
Camera: 0.03972054 1.247973 -0.08216222 0.03129936 -0.03997818 -0.0119954 -0.9986382 33.5032
Camera: 0.0388872 1.247535 -0.08174618 0.0306591 -0.03836302 -0.01236357 -0.9987169 33.56482
Camera: 0.03815961 1.247228 -0.08149625 0.02954227 -0.03706612 -0.01320185 -0.9987888 33.61118
Camera: 0.03781343 1.24722 -0.081513 0.0292644 -0.0372992 -0.01341694 -0.9987854 33.65353
Camera: 0.03761446 1.247301 -0.08132799 0.02972193 -0.03666479 -0.013344 -0.9987964 33.71261
Camera: 0.03748202 1.24732 -0.08099259 0.03025109 -0.03834039 -0.013728 -0.9987124 33.7555
Camera: 0.03714103 1.247502 -0.08085443 0.03035731 -0.03859325 -0.01426951 -0.9986919 33.7923
Camera: 0.03681916 1.2477 -0.08068611 0.0307872 -0.03823624 -0.01450794 -0.998689 33.85628
Camera: 0.03645855 1.247583 -0.08052482 0.03054425 -0.03758015 -0.01535576 -0.9987087 33.89413
Camera: 0.03647792 1.24739 -0.08012749 0.02943736 -0.03841745 -0.01536167 -0.99871 33.93877
Camera: 0.03739473 1.247092 -0.07988979 0.02804655 -0.04383963 -0.01682118 -0.9985031 33.97721
Camera: 0.03941059 1.246449 -0.07994856 0.02519607 -0.05569961 -0.01953317 -0.9979385 34.04167
Camera: 0.04350114 1.244818 -0.07998194 0.01491022 -0.08148782 -0.02396541 -0.9962747 34.1069
Camera: 0.04880857 1.243372 -0.08028807 0.00718427 -0.11507 -0.02814473 -0.9929326 34.15364
Camera: 0.05176425 1.24318 -0.08036615 0.007045633 -0.1319482 -0.03001939 -0.9907769 34.19908
Camera: 0.05791906 1.242378 -0.08178009 0.002176537 -0.1688574 -0.0315886 -0.9851318 34.24797
Camera: 0.06016105 1.242213 -0.08268578 0.001397074 -0.179427 -0.03332143 -0.9832059 34.31381
Camera: 0.06549546 1.241961 -0.08436795 0.001155513 -0.2099308 -0.03475827 -0.9770976 34.35877
Camera: 0.06845663 1.241925 -0.08498897 -0.0003920936 -0.2261762 -0.03619548 -0.9734136 34.39816
Camera: 0.07258268 1.241238 -0.08604492 -0.004397484 -0.2430056 -0.03825133 -0.9692605 34.45884
Camera: 0.07370333 1.240722 -0.08592661 -0.005454127 -0.2463371 -0.03631416 -0.9684883 34.50177
Camera: 0.07387015 1.240103 -0.08554067 -0.007937561 -0.2390313 -0.03413725 -0.9703792 34.54573
Camera: 0.07323827 1.240285 -0.08537443 -0.00746526 -0.2328537 -0.03355214 -0.9719042 34.61506
Camera: 0.07254416 1.240628 -0.08500262 -0.003561002 -0.2242336 -0.03080161 -0.9740421 34.66348
Camera: 0.07222578 1.240761 -0.08456708 -0.002200201 -0.2187867 -0.03047826 -0.9752942 34.70139
Camera: 0.07199213 1.240858 -0.08417876 -0.0005876295 -0.2165363 -0.02977867 -0.9758201 34.75116
Camera: 0.07172462 1.240963 -0.08381696 0.0005628654 -0.216103 -0.02945127 -0.9759262 34.81101
Camera: 0.07088779 1.240812 -0.08328404 0.0006551262 -0.2126819 -0.02871776 -0.9766992 34.85406
Camera: 0.07082331 1.241179 -0.0832224 0.001989407 -0.2130193 -0.02896798 -0.9766164 34.8943
Camera: 0.0701995 1.241223 -0.08311786 0.001904239 -0.213666 -0.02911971 -0.9764708 34.95459
Camera: 0.07017832 1.241039 -0.08292527 0.001707756 -0.2146081 -0.02840561 -0.9762856 34.99928
Camera: 0.07021652 1.240736 -0.08244009 0.000593242 -0.2152988 -0.02993439 -0.9760891 35.03489
Camera: 0.07027416 1.240893 -0.08237083 0.002009915 -0.2149868 -0.03107162 -0.9761205 35.07907
Camera: 0.0707403 1.240432 -0.08242042 0.001042232 -0.2160677 -0.03043302 -0.9759035 35.15529
Camera: 0.07228282 1.239543 -0.08236803 -0.002801549 -0.2208183 -0.02851986 -0.9748939 35.19864
Camera: 0.0740495 1.238962 -0.08291723 -0.005500013 -0.2304379 -0.0268283 -0.9727016 35.23591
Camera: 0.07458337 1.238885 -0.08307619 -0.006749634 -0.2336031 -0.02709871 -0.971931 35.28445
Camera: 0.07431701 1.239025 -0.08289225 -0.006458518 -0.2319977 -0.02806759 -0.9722899 35.34516
Camera: 0.07387127 1.239468 -0.08252575 -0.003451366 -0.2275169 -0.02920103 -0.9733301 35.40339
Camera: 0.07389238 1.239635 -0.08193441 -0.002890456 -0.2268414 -0.02917787 -0.9734903 35.44151
Camera: 0.07414037 1.239524 -0.08203568 -0.00332403 -0.2274262 -0.02974763 -0.9733352 35.48642
Camera: 0.0744615 1.239285 -0.0820529 -0.003434281 -0.2287654 -0.0296007 -0.9730254 35.52471
Camera: 0.07454439 1.239335 -0.08210202 -0.003349246 -0.230465 -0.0291553 -0.972638 35.58704
Camera: 0.07430977 1.239407 -0.08189781 -0.003776315 -0.2297973 -0.02986248 -0.972773 35.6275
Camera: 0.07439172 1.23954 -0.08189054 -0.001952099 -0.2306761 -0.03106684 -0.9725326 35.6688
Camera: 0.07439719 1.239583 -0.08159389 -0.002384238 -0.2313055 -0.03110156 -0.972381 35.73154
Camera: 0.07498546 1.239335 -0.08198227 -0.003773595 -0.2344875 -0.02954892 -0.9716626 35.76834
Camera: 0.07520418 1.239246 -0.08198865 -0.003339787 -0.2362467 -0.03041633 -0.9712112 35.81487
Camera: 0.07558022 1.239064 -0.08203705 -0.002953614 -0.2380802 -0.03018063 -0.970772 35.85762
Camera: 0.07610208 1.239056 -0.08205856 -0.003340949 -0.2410761 -0.03059387 -0.9700181 35.92112
Camera: 0.07833639 1.238922 -0.08298905 -0.003403501 -0.2506578 -0.03240923 -0.9675272 35.96759
Camera: 0.07996522 1.239013 -0.08345343 -0.003042693 -0.2574249 -0.03151791 -0.9657794 36.00703
Camera: 0.08067265 1.239113 -0.08360572 -0.002986124 -0.26018 -0.03201153 -0.9650247 36.04724
Camera: 0.08149281 1.239109 -0.08389129 -0.00313442 -0.2626559 -0.03254392 -0.9643355 36.08981
Camera: 0.08279848 1.239233 -0.08420356 -0.002040115 -0.2658189 -0.03208917 -0.9634866 36.17815
Camera: 0.0837246 1.239322 -0.08445247 -0.002331286 -0.2672849 -0.03183996 -0.9630886 36.21877
Camera: 0.08406366 1.239219 -0.08442713 -0.001735082 -0.267958 -0.03066378 -0.9629409 36.25882
Camera: 0.08441104 1.239005 -0.08419384 -0.001796655 -0.268482 -0.03083076 -0.9627895 36.30162
Noticed 36.51958
Youtube 64.92003
Camera: 0.02789682 1.262118 -0.1064308 0.06264412 -0.08408323 -0.03979457 -0.9936911 64.92003
Camera: 0.02892688 1.262065 -0.1065983 0.06100494 -0.08651996 -0.04393975 -0.9934093 64.96685
Camera: 0.02903256 1.262704 -0.1062936 0.06425162 -0.08227924 -0.04129426 -0.9936784 65.01163
Camera: 0.02906588 1.262772 -0.1060269 0.06654522 -0.07430769 -0.03328242 -0.9944558 65.07869
Camera: 0.02930737 1.262904 -0.1057404 0.06729845 -0.07195701 -0.03255152 -0.9946022 65.1228
Camera: 0.0302994 1.263598 -0.105386 0.06822293 -0.07318126 -0.03342834 -0.9944208 65.16596
Camera: 0.03062856 1.26346 -0.1049703 0.06785 -0.07229172 -0.03342884 -0.9945114 65.22532
Camera: 0.03135142 1.263011 -0.104307 0.06730361 -0.07212696 -0.03106953 -0.994637 65.26859
Camera: 0.03109288 1.263109 -0.1043009 0.06734581 -0.07037739 -0.02994209 -0.994794 65.30926
Camera: 0.03047153 1.263057 -0.1041482 0.06666523 -0.06805813 -0.02873603 -0.9950368 65.37283
Camera: 0.02984279 1.263144 -0.1041929 0.06745227 -0.06571472 -0.029969 -0.9951048 65.41623
Camera: 0.02809072 1.263137 -0.1037004 0.06719442 -0.05831631 -0.02993875 -0.9955841 65.45439
Camera: 0.02655917 1.263077 -0.1033148 0.06802028 -0.04932449 -0.03060396 -0.9959939 65.519
Camera: 0.02321535 1.263939 -0.1040865 0.07133397 -0.03351975 -0.02867333 -0.9964767 65.55545
Camera: 0.02205575 1.264333 -0.1044516 0.07245085 -0.0275241 -0.02983329 -0.9965457 65.59869
Camera: 0.02112335 1.264724 -0.1048668 0.07485653 -0.02246329 -0.02981966 -0.9964952 65.6358
Camera: 0.02028757 1.264864 -0.1048499 0.07656246 -0.01746487 -0.02837164 -0.996508 65.69979
Camera: 0.01867491 1.26585 -0.1065925 0.08269772 -0.00864322 -0.026861 -0.9961752 65.73916
Camera: 0.01724887 1.266403 -0.1073932 0.08609227 -0.000852789 -0.02517359 -0.9959688 65.79129
Camera: 0.0153566 1.26728 -0.1089053 0.09151985 0.009160921 -0.02460551 -0.9954571 65.83093
Camera: 0.01441211 1.267571 -0.1094006 0.09392326 0.01583636 -0.02474587 -0.9951459 65.87913
Camera: 0.01158112 1.268836 -0.1106644 0.1004377 0.03230023 -0.02473971 -0.9941111 65.96098
Camera: 0.01090598 1.269202 -0.1112494 0.1031323 0.03510115 -0.02396261 -0.9937593 66.01216
Camera: 0.01009634 1.269811 -0.1125477 0.1072982 0.03965027 -0.0244999 -0.9931338 66.0554
Camera: 0.009964287 1.270025 -0.1129947 0.108687 0.03993711 -0.0251546 -0.9929549 66.1218
Camera: 0.009782583 1.27023 -0.1143204 0.1090153 0.03955211 -0.02640349 -0.9929019 66.16663
Camera: 0.009800553 1.270143 -0.1147067 0.1082911 0.04031986 -0.02564073 -0.9929702 66.20839
Camera: 0.009909153 1.270352 -0.1151 0.1094843 0.04048518 -0.02548913 -0.9928366 66.26909
Camera: 0.009412587 1.270699 -0.115989 0.111068 0.04349608 -0.02510601 -0.992543 66.31161
Camera: 0.009502888 1.270679 -0.1163081 0.1107768 0.04435022 -0.02524506 -0.9925342 66.34881
Camera: 0.009772062 1.270085 -0.117087 0.1090579 0.04431384 -0.02505868 -0.992731 66.41373
Camera: 0.009794235 1.269712 -0.1175637 0.1073439 0.04767774 -0.02411674 -0.9927853 66.45423
Camera: 0.009803832 1.269472 -0.1176765 0.1049785 0.04906762 -0.02318616 -0.9929926 66.49586
Camera: 0.01004207 1.268622 -0.1175898 0.09921702 0.04873056 -0.02194933 -0.9936295 66.56086
Camera: 0.01154867 1.264689 -0.1165268 0.07788254 0.04422799 -0.02180031 -0.9957424 66.59988
Camera: 0.01216447 1.261986 -0.1159818 0.06443563 0.04215236 -0.02099009 -0.9968103 66.64266
Camera: 0.01264173 1.259923 -0.1149379 0.05429595 0.04058489 -0.02129421 -0.9974726 66.67885
Camera: 0.01350275 1.256714 -0.1133536 0.04034194 0.04033895 -0.02122128 -0.9981458 66.74398
Camera: 0.01352465 1.255863 -0.1126615 0.0357967 0.04052984 -0.02075506 -0.9983212 66.78199
Camera: 0.01322615 1.255195 -0.1125924 0.03228531 0.04452507 -0.02223883 -0.9982387 66.82389
Camera: 0.01320988 1.2553 -0.1129342 0.03177289 0.04524182 -0.02209502 -0.9982262 66.86951
Camera: 0.01293778 1.255811 -0.1133207 0.03540564 0.04711859 -0.02236725 -0.9980111 66.95224
Camera: 0.01183021 1.259702 -0.1152768 0.05518133 0.05469403 -0.02203765 -0.9967337 66.99419
Camera: 0.01100874 1.261964 -0.1157747 0.06753255 0.06021469 -0.02058908 -0.9956855 67.04556
Camera: 0.009749621 1.264249 -0.1177407 0.08161022 0.06720828 -0.01946786 -0.9942052 67.08557
Camera: 0.009282768 1.264906 -0.1185995 0.08570422 0.0700525 -0.01942857 -0.9936649 67.13661
Camera: 0.00887078 1.265808 -0.1189683 0.09124034 0.07304063 -0.01929804 -0.9929591 67.20037
Camera: 0.008618325 1.266721 -0.1199725 0.09689637 0.07391546 -0.01948337 -0.9923548 67.25427
Camera: 0.008798748 1.266387 -0.1205417 0.09586362 0.07326591 -0.0199737 -0.9924935 67.29373
Camera: 0.009362012 1.265549 -0.1208467 0.09287009 0.0705421 -0.02055274 -0.9929636 67.36002
Camera: 0.00991863 1.265367 -0.1212342 0.09124676 0.06751528 -0.01948857 -0.9933459 67.40005
Camera: 0.00997746 1.265116 -0.1213551 0.0905819 0.06680302 -0.01886497 -0.9934669 67.44207
Camera: 0.010162 1.264863 -0.1215997 0.08891169 0.06732138 -0.01948503 -0.9935708 67.50497
Camera: 0.01047373 1.264094 -0.1219286 0.08638342 0.06675477 -0.01980653 -0.9938257 67.54923
Camera: 0.0109874 1.26422 -0.121924 0.08801347 0.06548806 -0.02018523 -0.9937593 67.58652
Camera: 0.01144597 1.264461 -0.1219755 0.08898249 0.06481862 -0.01991238 -0.9937224 67.64957
Camera: 0.0123297 1.264887 -0.1223985 0.09075034 0.06285693 -0.01933344 -0.9937 67.6898
Camera: 0.01251489 1.265003 -0.1225464 0.09215344 0.06287853 -0.01918907 -0.9935723 67.73191
Camera: 0.01249719 1.264991 -0.1229807 0.0923881 0.06328056 -0.01928668 -0.9935231 67.8004
Camera: 0.0123955 1.265264 -0.1230416 0.09454134 0.0643117 -0.01975611 -0.993245 67.83796
Camera: 0.01249331 1.265519 -0.1229721 0.09603694 0.06522506 -0.01992664 -0.9930385 67.88128
Camera: 0.01263365 1.265853 -0.1229092 0.09592184 0.06399145 -0.01954208 -0.9931376 67.91893
Camera: 0.01258492 1.265727 -0.1229716 0.09656757 0.06415416 -0.0206779 -0.9930415 67.97916
Camera: 0.01266313 1.265344 -0.1226502 0.09477777 0.0642978 -0.01941521 -0.9932301 68.02087
Camera: 0.01267478 1.265146 -0.1226121 0.09257487 0.06409294 -0.01945679 -0.9934503 68.06186
Camera: 0.01287526 1.264578 -0.1224973 0.08993177 0.06280658 -0.01961848 -0.993772 68.12682
Camera: 0.01251677 1.264842 -0.1216588 0.0922852 0.06537257 -0.01826796 -0.9934164 68.16573
Camera: 0.01240474 1.264901 -0.1217241 0.09191152 0.06578229 -0.01840712 -0.9934214 68.21061
Camera: 0.01236895 1.264938 -0.1218162 0.09364226 0.06535558 -0.01979096 -0.9932614 68.25096
Camera: 0.01242626 1.265034 -0.121844 0.09376203 0.06442129 -0.01931699 -0.9933204 68.29975
Camera: 0.01251221 1.26516 -0.1217041 0.0939498 0.06372999 -0.01944357 -0.9933448 68.33977
Camera: 0.01251364 1.265249 -0.1215138 0.09401797 0.06418044 -0.01955351 -0.9933072 68.40989
Camera: 0.01211047 1.266474 -0.1219427 0.09966318 0.06646624 -0.01941005 -0.9926091 68.4611
Camera: 0.01186886 1.267373 -0.1222401 0.1035627 0.06815493 -0.01863421 -0.9921101 68.50315
Camera: 0.01195887 1.267667 -0.1226624 0.1054971 0.06803668 -0.01813146 -0.9919237 68.56657
Camera: 0.0116967 1.269468 -0.123314 0.1149271 0.0716638 -0.0173395 -0.9906338 68.6071
Camera: 0.01140308 1.270022 -0.1236289 0.1186287 0.07504391 -0.01453751 -0.9899921 68.64906
Camera: 0.01097959 1.271861 -0.1250368 0.1293655 0.07852098 -0.0124464 -0.9884048 68.71425
Camera: 0.01157707 1.272162 -0.125555 0.1316132 0.07615225 -0.0150415 -0.9882573 68.7559
Camera: 0.01206478 1.271923 -0.1254364 0.1296279 0.07407553 -0.01452531 -0.9886853 68.79977
Camera: 0.01248991 1.271212 -0.1253728 0.1261331 0.07063946 -0.0130867 -0.9894086 68.86443
Camera: 0.01381788 1.270028 -0.1241855 0.1199077 0.06410661 -0.01427609 -0.9906103 68.90652
Camera: 0.01429296 1.269313 -0.1237913 0.1157818 0.0607889 -0.01404106 -0.9913133 68.94743
Camera: 0.01847929 1.267094 -0.1219589 0.09998921 0.03649722 -0.01616753 -0.9941875 69.00767
Camera: 0.02167928 1.265499 -0.120732 0.09009118 0.01686361 -0.01794774 -0.995629 69.05198
Camera: 0.02731317 1.262641 -0.118783 0.07509507 -0.01629943 -0.02021682 -0.9968382 69.08776
Camera: 0.02926385 1.260895 -0.1178638 0.06414235 -0.02753755 -0.02060303 -0.997348 69.13242
Camera: 0.03139699 1.258589 -0.1165757 0.05148136 -0.03981479 -0.02157626 -0.9976467 69.1911
Camera: 0.03240156 1.255525 -0.113819 0.03724235 -0.03904551 -0.02111541 -0.9983199 69.23585
Camera: 0.03245506 1.254692 -0.1130703 0.03217876 -0.03904908 -0.01980619 -0.9985226 69.27615
Camera: 0.03231016 1.254487 -0.1122099 0.03086741 -0.03417656 -0.02065023 -0.9987256 69.33976
Camera: 0.03197086 1.254568 -0.1107839 0.03042122 -0.03068337 -0.02058169 -0.9988542 69.3783
Camera: 0.03208929 1.255071 -0.1101222 0.03241187 -0.02960289 -0.0220869 -0.9987919 69.42503
Camera: 0.03183186 1.255237 -0.1099138 0.03358012 -0.02812717 -0.02149219 -0.998809 69.46806
Camera: 0.03148317 1.255545 -0.1097629 0.03560164 -0.02710718 -0.02172301 -0.9987622 69.51852
Camera: 0.03021517 1.256096 -0.1093319 0.03772698 -0.02423765 -0.02290385 -0.9987316 69.5843
Camera: 0.02902114 1.255937 -0.1083744 0.03835298 -0.02166937 -0.02419842 -0.9987362 69.63428
Camera: 0.02836657 1.255885 -0.1081171 0.03761393 -0.02023963 -0.02438271 -0.9987898 69.67413
Camera: 0.02768362 1.25565 -0.1075421 0.03646623 -0.01862268 -0.02394358 -0.9988744 69.71745
Camera: 0.02644628 1.254921 -0.1067469 0.03496367 -0.01543825 -0.02491334 -0.9989588 69.75507
Camera: 0.02558556 1.254919 -0.106512 0.03473873 -0.01331541 -0.02537688 -0.9989855 69.81829
Camera: 0.0232529 1.255413 -0.1061775 0.03626366 -0.005035489 -0.02572676 -0.9989984 69.85822
Camera: 0.02154177 1.255697 -0.1062185 0.03732434 0.002376558 -0.02453692 -0.9989991 69.89931
Camera: 0.01965684 1.256048 -0.1059857 0.03985612 0.01176896 -0.02438154 -0.9988386 69.96307
Camera: 0.0163362 1.257427 -0.1062069 0.0446173 0.02742536 -0.02284615 -0.9983663 70.02479
Camera: 0.01364964 1.258052 -0.1072768 0.0479304 0.04009898 -0.02471326 -0.9977394 70.06606
Camera: 0.01220584 1.258353 -0.1075707 0.04936188 0.045834 -0.02322469 -0.9974585 70.11097
Camera: 0.009510756 1.259171 -0.108788 0.05264467 0.05357449 -0.02284838 -0.9969134 70.1498
Camera: 0.007975817 1.259588 -0.1094044 0.05393039 0.05739143 -0.02273335 -0.9966348 70.2179
Camera: 0.005449384 1.260166 -0.1100633 0.05558437 0.06270504 -0.02416199 -0.9961901 70.25791
Camera: 0.004048109 1.260114 -0.1102318 0.05510204 0.06542738 -0.02521111 -0.9960158 70.30247
Camera: 0.002848148 1.260153 -0.1105134 0.05428526 0.06769089 -0.02465598 -0.9959233 70.34012
Camera: 0.001948416 1.260251 -0.1102572 0.0549703 0.06981824 -0.02487867 -0.9957333 70.40629
Camera: 0.000218004 1.26054 -0.1099754 0.05655018 0.07245322 -0.0256072 -0.995438 70.4441
Camera: -0.001153767 1.260561 -0.1096349 0.05611181 0.07295609 -0.02634925 -0.9954067 70.48878
Camera: -0.00172019 1.260476 -0.1095485 0.05582074 0.07296601 -0.02680854 -0.9954101 70.5261
Camera: -0.002249122 1.260553 -0.1095804 0.0563431 0.07392661 -0.02701404 -0.9953043 70.5742
Camera: -0.002685815 1.260602 -0.1095616 0.05728388 0.07486381 -0.02721425 -0.9951751 70.63435
Camera: -0.002680063 1.261037 -0.1091556 0.05737184 0.07420811 -0.0275906 -0.9952087 70.68871
Camera: -0.001080364 1.260864 -0.1084312 0.05798249 0.06733758 -0.02822558 -0.995644 70.73168
Camera: 0.0004068911 1.260633 -0.1078445 0.05756256 0.06160984 -0.02790054 -0.9960484 70.77903
Camera: 0.00451088 1.259372 -0.1063157 0.05034173 0.04359577 -0.02661236 -0.9974251 70.84838
Camera: 0.007944196 1.257608 -0.1049919 0.04439259 0.02931382 -0.02550043 -0.9982584 70.89506
Camera: 0.009387672 1.256785 -0.1043049 0.04038906 0.02359239 -0.02550687 -0.9985798 70.9365
Camera: 0.01042396 1.255871 -0.1037254 0.03672576 0.02116967 -0.0267634 -0.9987426 70.99658
Camera: 0.01168114 1.254557 -0.1025373 0.03171049 0.02210744 -0.02831209 -0.9988514 71.05688
Camera: 0.01197171 1.253606 -0.1015349 0.02673419 0.02811575 -0.02633471 -0.9989001 71.10188
Camera: 0.01248533 1.253249 -0.1011502 0.0237585 0.02874362 -0.02617003 -0.9989617 71.14513
Camera: 0.01290888 1.25321 -0.1013198 0.02343583 0.02995718 -0.02447615 -0.9989766 71.20772
Camera: 0.01285028 1.253395 -0.1015933 0.02421033 0.03093144 -0.02414138 -0.9989367 71.25366
Camera: 0.01261079 1.253717 -0.1013327 0.02505699 0.03227323 -0.02479914 -0.9988571 71.2955
Camera: 0.01266921 1.253641 -0.1012312 0.02572704 0.03317553 -0.02497164 -0.9988063 71.35503
Camera: 0.01263702 1.253639 -0.1011103 0.02599123 0.03444455 -0.02390504 -0.9987826 71.39948
Camera: 0.01206279 1.253648 -0.1011434 0.0269046 0.03633452 -0.02284594 -0.9987162 71.43766
Camera: 0.01138839 1.253899 -0.1010994 0.02729714 0.0377427 -0.02271102 -0.9986564 71.48199
Camera: 0.01042467 1.254103 -0.1011825 0.02769821 0.04097518 -0.02445809 -0.9984767 71.54162
Camera: 0.009649277 1.254965 -0.1013079 0.03065496 0.04421511 -0.02468983 -0.9982464 71.58561
Camera: 0.007866979 1.256347 -0.1022802 0.03715902 0.05252584 -0.0223587 -0.9976775 71.62127
Camera: 0.007516205 1.257238 -0.1028186 0.04121145 0.05432215 -0.02267827 -0.9974149 71.67156
Camera: 0.00742805 1.258011 -0.1035119 0.04575831 0.05502328 -0.02277544 -0.997176 71.7318
Camera: 0.00661093 1.260092 -0.1049943 0.05484748 0.05801539 -0.02262377 -0.9965511 71.77415
Camera: 0.006038308 1.26158 -0.1059237 0.06261668 0.0595157 -0.02223804 -0.9960133 71.82
Camera: 0.005587697 1.265116 -0.1076555 0.08063172 0.05894929 -0.02238925 -0.9947473 71.86959
Camera: 0.005152076 1.266897 -0.1085316 0.08973291 0.06102683 -0.02239012 -0.9938422 71.93996
Camera: 0.004087925 1.269331 -0.111035 0.104198 0.06596816 -0.02188147 -0.9921251 71.98994
Camera: 0.003822148 1.269775 -0.1114601 0.1065948 0.06767351 -0.02179481 -0.9917575 72.02872
Camera: 0.003418863 1.26982 -0.1123704 0.1076006 0.06860762 -0.02165407 -0.9915878 72.09012
Camera: 0.003306091 1.269918 -0.1128488 0.1095898 0.07005747 -0.02168251 -0.9912679 72.13418
Camera: 0.003548443 1.269598 -0.1126768 0.106309 0.06897616 -0.0219909 -0.9916941 72.17763
Camera: 0.003410339 1.26971 -0.1137326 0.1064175 0.07113686 -0.02098914 -0.9915515 72.21966
Camera: 0.003525972 1.269071 -0.1141742 0.104776 0.07071731 -0.02086391 -0.9917589 72.28175
Camera: 0.004206538 1.267769 -0.114033 0.09769091 0.06873307 -0.02093428 -0.9926198 72.32545
Camera: 0.004669428 1.26604 -0.1139078 0.08557338 0.06747956 -0.0211573 -0.993819 72.36996
Camera: 0.004793972 1.264681 -0.1131749 0.07648216 0.06573542 -0.01920705 -0.9947163 72.43056
Camera: 0.005674511 1.262662 -0.1113763 0.07474446 0.06326633 -0.02650219 -0.9948409 72.47599
Camera: 0.007571876 1.261206 -0.1104458 0.06386638 0.05770434 -0.02340931 -0.9960138 72.51385
Camera: 0.0083372 1.261168 -0.1100153 0.06302437 0.05545846 -0.02039541 -0.9962612 72.57929
Camera: 0.008522034 1.260478 -0.1099681 0.06159804 0.05492569 -0.01852325 -0.9964165 72.61703
Camera: 0.008572936 1.260399 -0.1099048 0.06087952 0.0543288 -0.01913795 -0.9964817 72.66171
Camera: 0.008444905 1.26033 -0.1101546 0.05992119 0.05491149 -0.02089056 -0.9964727 72.69864
Camera: 0.008045435 1.260416 -0.1105043 0.0603773 0.05514975 -0.02155505 -0.9964178 72.76316
Camera: 0.007775724 1.260504 -0.1107466 0.06145101 0.05669206 -0.02232246 -0.9962487 72.80161
Camera: 0.007998884 1.260714 -0.1104857 0.06255018 0.05631117 -0.02303242 -0.9961858 72.84581
Camera: 0.007689118 1.261211 -0.1102306 0.06631398 0.05909603 -0.02042612 -0.9958378 72.88323
Camera: 0.007332414 1.261655 -0.1102235 0.06873988 0.06097029 -0.01942408 -0.9955803 72.93567
Camera: 0.006970465 1.26206 -0.110327 0.07064307 0.06165592 -0.01980716 -0.9953974 73.00039
Camera: 0.00622496 1.263202 -0.1106818 0.07579686 0.06118559 -0.02194719 -0.9950023 73.04729
Camera: 0.005319238 1.265066 -0.111557 0.08539268 0.06247881 -0.02303577 -0.9941196 73.11661
Camera: 0.004133373 1.266741 -0.112344 0.09428376 0.06414621 -0.02476986 -0.9931678 73.16669
Camera: 0.003621519 1.267275 -0.112562 0.09744059 0.0647938 -0.0250612 -0.9928137 73.20609
Camera: 0.002854317 1.267811 -0.1128941 0.1011759 0.06572247 -0.02466588 -0.9923888 73.27132
Camera: 0.001433313 1.26903 -0.1131502 0.1079932 0.06762855 -0.02526338 -0.991527 73.31856
Camera: 0.0003513098 1.269711 -0.1130667 0.1120893 0.07023314 -0.02692514 -0.9908473 73.35775
Camera: -0.0001838803 1.269712 -0.1131416 0.1118274 0.07186577 -0.02663153 -0.9907678 73.42231
Camera: -0.001548111 1.269105 -0.1133185 0.1088268 0.07506376 -0.02713559 -0.9908511 73.46451
Camera: -0.002098024 1.269571 -0.1127147 0.1100132 0.0764207 -0.02689759 -0.9906228 73.50619
Camera: -0.002702177 1.269485 -0.1128225 0.1103462 0.07607587 -0.02672322 -0.990617 73.57004
Camera: -0.003667414 1.269512 -0.1133313 0.1088149 0.07454301 -0.02848963 -0.9908537 73.61195
Camera: -0.003716916 1.269121 -0.1128019 0.1074798 0.07339926 -0.02918708 -0.9910644 73.65562
Camera: -0.0038504 1.268987 -0.1126574 0.1063362 0.07304212 -0.02879838 -0.9912256 73.72269
Camera: -0.003783166 1.268864 -0.1126739 0.1068795 0.0710902 -0.0301208 -0.9912698 73.76144
Camera: -0.003567308 1.2689 -0.1127206 0.1067476 0.07003073 -0.03040969 -0.9913506 73.80645
Camera: -0.003036827 1.268816 -0.1126886 0.1060071 0.06779137 -0.03046143 -0.9915841 73.8442
Camera: -0.00227797 1.268904 -0.112497 0.1065628 0.0638186 -0.02966483 -0.9918123 73.90871
Camera: -0.001549363 1.268969 -0.1129835 0.1064263 0.06078681 -0.03072438 -0.9919851 73.94801
Camera: -0.001345187 1.268989 -0.1130681 0.1063481 0.0595677 -0.03080758 -0.9920649 73.9931
Camera: -0.0009463429 1.269194 -0.1130687 0.1071527 0.05758715 -0.03116556 -0.992084 74.02964
Camera: -0.0001313686 1.269681 -0.1131985 0.1095083 0.05572982 -0.03155828 -0.9919205 74.09212
Camera: 0.001025975 1.272182 -0.1138899 0.1239454 0.0470227 -0.03520846 -0.9905487 74.15314
Camera: 0.001339257 1.272445 -0.1146258 0.1259983 0.04637198 -0.03607857 -0.9902891 74.20061
Camera: 0.001651883 1.272641 -0.1151873 0.1271737 0.04665005 -0.0359375 -0.9901309 74.25036
Camera: 0.002080023 1.27373 -0.1159924 0.1320107 0.04720298 -0.03353152 -0.9895558 74.30289
Camera: 0.002327323 1.274088 -0.1164351 0.1334194 0.04695709 -0.03277364 -0.989404 74.36726
Camera: 0.002812982 1.274714 -0.117541 0.1375629 0.04636148 -0.03346398 -0.9888414 74.41347
Camera: 0.003309309 1.274602 -0.1184001 0.1353813 0.04540774 -0.03386018 -0.9891732 74.4549
Camera: 0.003462017 1.274573 -0.1188605 0.1363524 0.04464937 -0.03412984 -0.9890651 74.49706
Camera: 0.003610909 1.274611 -0.1192975 0.1371776 0.04487298 -0.0348513 -0.9889157 74.54188
Camera: 0.00389123 1.274896 -0.1207273 0.1376238 0.04500012 -0.03445321 -0.9888618 74.59969
Camera: 0.004000276 1.274737 -0.1215379 0.1377954 0.04504899 -0.0350516 -0.9888147 74.64349
Camera: 0.004607677 1.275463 -0.1231725 0.1411319 0.04464409 -0.03427329 -0.9883896 74.68688
Camera: 0.004828691 1.276235 -0.1240937 0.1465542 0.04508275 -0.03484687 -0.9875602 74.74837
Camera: 0.004993021 1.277753 -0.1267582 0.1556117 0.0466462 -0.0330543 -0.9861625 74.79293
Camera: 0.005201221 1.278129 -0.1276515 0.1577339 0.04797536 -0.03280805 -0.9857698 74.83361
Camera: 0.00535804 1.27748 -0.1278982 0.1548137 0.05151971 -0.03227139 -0.9860715 74.89364
Camera: 0.006587178 1.273602 -0.1263295 0.1349434 0.05241054 -0.02918389 -0.9890358 74.93738
Camera: 0.00788027 1.270043 -0.1243954 0.1144389 0.04916134 -0.02768373 -0.9918269 74.97433
Camera: 0.009622514 1.265163 -0.1220563 0.08780906 0.04291026 -0.02769784 -0.9948272 75.03826
Camera: 0.01303035 1.257803 -0.1168069 0.04907221 0.02940492 -0.02827146 -0.9979619 75.07638
Camera: 0.0146302 1.254049 -0.1133614 0.03264382 0.02655716 -0.02918551 -0.9986878 75.1197
Camera: 0.01596919 1.252721 -0.1116015 0.02586599 0.02501081 -0.02968951 -0.9989114 75.18083
Camera: 0.01679066 1.252732 -0.1108815 0.02608685 0.02313603 -0.02976592 -0.9989486 75.22585
Camera: 0.01754874 1.253065 -0.1108656 0.02839634 0.02035429 -0.03104347 -0.9989073 75.26369
Camera: 0.01789755 1.253408 -0.1111694 0.03029398 0.01959027 -0.03140462 -0.9988555 75.30792
Camera: 0.01822263 1.255015 -0.1114806 0.03687843 0.01966663 -0.02942714 -0.9986928 75.37068
Camera: 0.01877597 1.256431 -0.1113605 0.04346165 0.01627938 -0.02956152 -0.998485 75.41562
Camera: 0.01945704 1.260062 -0.1119238 0.06174893 0.01017263 -0.03300818 -0.997494 75.46355
Camera: 0.01962185 1.260509 -0.1125431 0.06391562 0.008509068 -0.03359444 -0.9973534 75.51403
Camera: 0.01910785 1.260465 -0.1128209 0.06487306 0.01077575 -0.03314063 -0.9972848 75.58214
Camera: 0.01835638 1.260334 -0.1129632 0.06469467 0.01249876 -0.03167401 -0.997324 75.62737
Camera: 0.01829922 1.260228 -0.1128152 0.06396286 0.01128969 -0.03282847 -0.9973483 75.67423
Camera: 0.01805621 1.260341 -0.1124662 0.06493568 0.009661265 -0.03467522 -0.99724 75.73146
Camera: 0.01808551 1.260469 -0.112464 0.06607244 0.008441883 -0.03513413 -0.9971604 75.77616
Camera: 0.01797754 1.260784 -0.1123538 0.06672372 0.007204692 -0.03548364 -0.9971143 75.81846
Camera: 0.01861003 1.260655 -0.112254 0.06639996 0.002994588 -0.03585035 -0.9971443 75.87846
Camera: 0.02025795 1.259904 -0.1119587 0.06309671 -0.008939776 -0.03819986 -0.997236 75.9222
Camera: 0.02055609 1.259474 -0.1117539 0.06046641 -0.01189067 -0.03881163 -0.9973445 75.9664
Camera: 0.01997268 1.258734 -0.111691 0.05769729 -0.008515517 -0.03793031 -0.997577 76.02663
Camera: 0.01845735 1.258224 -0.1111388 0.05615909 0.001105638 -0.03237946 -0.9978961 76.07018
Camera: 0.01751921 1.258235 -0.1108202 0.05390251 0.006057138 -0.03174659 -0.998023 76.10685
Camera: 0.01647615 1.257927 -0.1101976 0.05309619 0.01140929 -0.02995135 -0.9980749 76.19212
Camera: 0.01364684 1.257483 -0.1092823 0.05227331 0.01974575 -0.02945239 -0.9980031 76.23013
Camera: 0.01308218 1.25777 -0.1092502 0.05230829 0.0210925 -0.03023641 -0.9979503 76.27416
Camera: 0.0114224 1.257808 -0.1084203 0.05324984 0.02561469 -0.03086829 -0.9977753 76.31067
Camera: 0.01065448 1.257721 -0.1083833 0.05263791 0.02633256 -0.03062406 -0.9977966 76.35985
Camera: 0.01017725 1.257916 -0.1081796 0.05199707 0.02711415 -0.03152911 -0.9977811 76.41684
Camera: 0.009528577 1.257749 -0.1073043 0.05241596 0.02917922 -0.03141963 -0.9977044 76.46205
Camera: 0.009128094 1.257791 -0.1074131 0.05316028 0.02965312 -0.03143194 -0.9976506 76.50062
Camera: 0.00867784 1.257936 -0.1071997 0.05371166 0.03028018 -0.03116767 -0.9976105 76.54765
Camera: 0.007991165 1.259157 -0.1068782 0.05887002 0.03255756 -0.03117953 -0.9972473 76.61275
Camera: 0.007231355 1.259955 -0.1067852 0.06277765 0.03387282 -0.0317663 -0.9969466 76.6618
Camera: 0.00710988 1.260062 -0.1069251 0.06304325 0.03426127 -0.03185205 -0.9969139 76.70936
Camera: 0.007172376 1.260382 -0.1068468 0.06546468 0.03206373 -0.0326065 -0.9968064 76.75798
Camera: 0.006906271 1.260824 -0.1067597 0.06748725 0.03198989 -0.03278447 -0.9966681 76.82465
Camera: 0.006955475 1.261366 -0.1063576 0.07207722 0.03255556 -0.03341137 -0.9963076 76.8703
Camera: 0.007057697 1.26196 -0.1064255 0.07426939 0.03217965 -0.03443339 -0.996124 76.91219
Camera: 0.007789493 1.262796 -0.1062601 0.07739652 0.03154154 -0.0344314 -0.9959064 76.97129
Camera: 0.008530706 1.262932 -0.1058755 0.07729787 0.02984872 -0.03378484 -0.9959883 77.01439
Camera: 0.0108338 1.263289 -0.1057333 0.08049792 0.0242355 -0.03350279 -0.9958968 77.0561
Camera: 0.01267612 1.263049 -0.1055248 0.07864488 0.01771592 -0.03260597 -0.9962118 77.11857
Camera: 0.01693168 1.262377 -0.1050609 0.07326208 0.004405906 -0.03163791 -0.996801 77.16283
Camera: 0.01970261 1.262252 -0.1046561 0.07172398 -0.005434532 -0.03120615 -0.9969214 77.22067
Camera: 0.02435216 1.26186 -0.1041528 0.06991769 -0.02046403 -0.02946324 -0.9969076 77.26469
Camera: 0.02564901 1.26189 -0.1038354 0.06986779 -0.02138525 -0.02831521 -0.996925 77.30233
Camera: 0.02667427 1.261688 -0.1037414 0.06916129 -0.02120823 -0.02685072 -0.9970186 77.34687
Camera: 0.0277316 1.262136 -0.1035543 0.06982616 -0.01752501 -0.02626525 -0.9970593 77.40429
Camera: 0.02801302 1.262323 -0.1035441 0.06988617 -0.01664156 -0.02599103 -0.9970775 77.44783
Camera: 0.02820975 1.262667 -0.1036765 0.07137335 -0.0137144 -0.0246182 -0.9970515 77.48511
Camera: 0.02857018 1.262762 -0.1038442 0.07188454 -0.01403528 -0.02446331 -0.9970142 77.52892
Camera: 0.02879405 1.263176 -0.1039831 0.07359149 -0.015046 -0.02494716 -0.9968629 77.58672
Camera: 0.02905297 1.26355 -0.1042505 0.07611646 -0.01579232 -0.0238314 -0.996689 77.63103
Camera: 0.02895176 1.263778 -0.1043071 0.07675283 -0.01571246 -0.02362247 -0.9966465 77.66875
Camera: 0.02848333 1.263774 -0.104218 0.07715254 -0.01388375 -0.02329535 -0.9966504 77.71017
Camera: 0.02589667 1.264001 -0.1037287 0.07858674 -0.003678622 -0.02228083 -0.9966515 77.77315
Camera: 0.0227637 1.264362 -0.1031152 0.07952186 0.006135886 -0.0246033 -0.9965106 77.82236
Camera: 0.02119708 1.264429 -0.1028001 0.08127122 0.01125136 -0.02551532 -0.9963019 77.87237
Camera: 0.0177564 1.265445 -0.1019659 0.0843352 0.02212959 -0.02544772 -0.9958666 77.92435
Camera: 0.01548463 1.265401 -0.1020821 0.08659368 0.02949274 -0.02644728 -0.9954559 77.98864
Camera: 0.01165053 1.264867 -0.1016491 0.08635998 0.04257559 -0.0269968 -0.9949877 78.03378
Camera: 0.009716213 1.264373 -0.1017202 0.08340922 0.04939313 -0.02727029 -0.9949169 78.07534
Camera: 0.005574167 1.263122 -0.1014322 0.07785269 0.06601884 -0.0276737 -0.9943916 78.13502
Camera: 0.003427804 1.262695 -0.1012957 0.07620282 0.07463642 -0.02670711 -0.9939363 78.17944
Camera: 0.0001673996 1.26189 -0.1011807 0.07336649 0.08751276 -0.02515427 -0.9931396 78.24074
Camera: -0.001567334 1.262059 -0.100992 0.07416103 0.09299121 -0.02519614 -0.9925815 78.28087
Camera: -0.002288759 1.262022 -0.1011717 0.07381142 0.09529046 -0.02519199 -0.9923896 78.32206
Camera: -0.002732962 1.262217 -0.1014484 0.07475513 0.09627396 -0.0252114 -0.9922235 78.38589
Camera: -0.002921402 1.262686 -0.101827 0.0771613 0.09578578 -0.02608703 -0.9920639 78.42728
Camera: -0.003226012 1.262835 -0.1019945 0.07841282 0.09607646 -0.02549502 -0.991953 78.46989
Camera: -0.003259361 1.263651 -0.1025208 0.08280675 0.09470881 -0.02588329 -0.9917174 78.54124
Camera: -0.002218544 1.265427 -0.1027771 0.0924466 0.09052335 -0.02701058 -0.9912263 78.5798
Camera: -0.001303732 1.265929 -0.103279 0.09466834 0.08652338 -0.02730236 -0.9913658 78.62421
Camera: -0.000598371 1.266458 -0.1036034 0.09621511 0.08415665 -0.02708583 -0.9914266 78.66109
Camera: 4.556775E-05 1.266718 -0.1039061 0.09791277 0.08227766 -0.02707755 -0.9914183 78.72947
Camera: 0.001187205 1.267201 -0.1044697 0.1027721 0.07531066 -0.03111924 -0.9913616 78.76827
Camera: 0.001360238 1.267486 -0.1048029 0.1040814 0.07356559 -0.03247066 -0.9913127 78.81194
Camera: 0.002047628 1.268755 -0.1054508 0.1086729 0.06750344 -0.03295715 -0.9912353 78.84864
Camera: 0.002321631 1.26876 -0.1056767 0.110168 0.06675657 -0.03378707 -0.9910929 78.91454
Camera: 0.002821505 1.269327 -0.1066886 0.112793 0.0633079 -0.03412721 -0.9910122 78.95621
Camera: 0.002654672 1.269439 -0.1074688 0.1123767 0.06433059 -0.03386667 -0.9910026 79.01228
Camera: 0.003041655 1.269161 -0.1082408 0.1108719 0.06384328 -0.03344131 -0.991218 79.05843
Camera: 0.00339216 1.269018 -0.1087873 0.1095548 0.06323011 -0.03326792 -0.9914096 79.10684
Camera: 0.004559875 1.267988 -0.1090706 0.1041194 0.0595309 -0.03297971 -0.9922336 79.17058
Camera: 0.005958915 1.266184 -0.1090107 0.09673627 0.05497975 -0.032357 -0.9932635 79.21668
Camera: 0.006859481 1.265139 -0.1088848 0.09053878 0.05175037 -0.03183493 -0.9940379 79.27661
Camera: 0.00962311 1.260448 -0.1074606 0.06583966 0.04333149 -0.03182557 -0.9963808 79.31927
Camera: 0.01116985 1.258288 -0.1063051 0.05250693 0.03610807 -0.03129911 -0.9974766 79.36347
Camera: 0.01285416 1.257701 -0.1049346 0.05037253 0.02864378 -0.02982527 -0.9978741 79.40868
Camera: 0.01547194 1.255198 -0.1037406 0.03921984 0.02147052 -0.02947026 -0.9985651 79.46674
Camera: 0.01640272 1.255679 -0.1029437 0.04092816 0.02115438 -0.02968836 -0.9984969 79.51151
Camera: 0.01754534 1.255745 -0.1027172 0.04073516 0.02304223 -0.02907924 -0.9984809 79.55247
Camera: 0.01835421 1.255674 -0.1026477 0.04135399 0.02208275 -0.02856502 -0.998492 79.61211
Camera: 0.01088095 1.270337 -0.1036101 0.1122263 0.0522003 -0.02045839 -0.9920997 80.65236
Camera: 0.01039356 1.270853 -0.1033689 0.1162291 0.05312133 -0.02136505 -0.9915707 80.69729
Camera: 0.009857893 1.271122 -0.1036182 0.1184611 0.05343764 -0.02160894 -0.9912843 80.73874
Camera: 0.008938074 1.271055 -0.1042174 0.1181016 0.05653723 -0.02232239 -0.9911395 80.79896
Camera: 0.008240134 1.270541 -0.1044203 0.1150858 0.05935858 -0.021978 -0.9913369 80.84352
Camera: 0.006196499 1.270084 -0.1042603 0.1122342 0.06826349 -0.02213327 -0.9910871 80.88616
Camera: 0.005071819 1.269919 -0.1046382 0.1110834 0.07129022 -0.02224332 -0.9910012 80.94716
Camera: 0.003650784 1.26992 -0.104887 0.1105469 0.07244359 -0.02163395 -0.9909911 80.99141
Camera: 0.002858102 1.269985 -0.1051929 0.1106733 0.07428481 -0.0215821 -0.9908418 81.0275
Camera: 0.002071977 1.269813 -0.1052633 0.1105404 0.07688143 -0.02113344 -0.9906682 81.07194
Camera: 0.0003296137 1.269598 -0.1060051 0.1104323 0.0804103 -0.02063665 -0.9904106 81.12989
Camera: -0.0003524125 1.269631 -0.1063987 0.1105524 0.08107486 -0.02086883 -0.9903381 81.17473
Camera: -0.001557052 1.269689 -0.1068205 0.1107875 0.08253641 -0.02161421 -0.9901752 81.21253
Camera: -0.001970768 1.269613 -0.1071264 0.1106189 0.08300866 -0.02207011 -0.9901444 81.25715
Camera: -0.002633631 1.269804 -0.1072875 0.1108071 0.08369803 -0.02208946 -0.9900649 81.33801
Camera: -0.00316602 1.269616 -0.1076715 0.110246 0.08279779 -0.02390446 -0.9901611 81.38226
Camera: -0.003245771 1.269446 -0.1077643 0.1108079 0.08196145 -0.02424783 -0.9901596 81.43296
Camera: -0.003115535 1.269517 -0.1077256 0.1105414 0.0807066 -0.02445279 -0.9902874 81.48151
Camera: -0.002522916 1.269545 -0.1074836 0.1109527 0.07946327 -0.0249806 -0.9903288 81.52876
Camera: -0.001802206 1.269405 -0.1074144 0.1104926 0.07810748 -0.02469742 -0.9904951 81.57372
Camera: -8.296967E-05 1.269839 -0.1067473 0.1129913 0.07150669 -0.02470713 -0.9907116 81.63892
Camera: 0.002126694 1.270698 -0.106744 0.1162408 0.06451338 -0.02497923 -0.9908088 81.67819
Camera: 0.003517509 1.270979 -0.1067948 0.1184739 0.06001309 -0.02515872 -0.9908226 81.72038
Camera: 0.004895866 1.271115 -0.1065916 0.1189789 0.05597652 -0.02489045 -0.9910051 81.76537
Camera: 0.006614447 1.271212 -0.1059998 0.1193925 0.05076485 -0.02511358 -0.9912304 81.82258
Camera: 0.01115584 1.271426 -0.1048224 0.1211098 0.03127179 -0.02504799 -0.9918302 81.86657
Camera: 0.01350471 1.271108 -0.1040622 0.1191904 0.0266749 -0.02728264 -0.992138 81.90939
Camera: 0.01735613 1.27022 -0.103185 0.1123094 0.01612793 -0.02280578 -0.9932806 81.96994
Camera: 0.01836342 1.269866 -0.1026597 0.1097671 0.01789636 -0.02334066 -0.9935221 82.01308
Camera: 0.01745534 1.268138 -0.1019322 0.09815688 0.0303712 -0.02452856 -0.994405 82.05399
Camera: 0.01606506 1.267655 -0.1020549 0.09550396 0.03814791 -0.02180114 -0.9944589 82.11385
Camera: 0.01320648 1.26754 -0.1017738 0.0952979 0.05165122 -0.01959175 -0.9939148 82.15703
Camera: 0.01194322 1.267467 -0.1018886 0.09445042 0.05592069 -0.01894621 -0.9937772 82.19315
Camera: 0.01101443 1.267368 -0.1018584 0.0950201 0.05825266 -0.01904994 -0.9935869 82.23726
Camera: 0.008439183 1.267365 -0.1023888 0.09532869 0.06446791 -0.02016608 -0.9931514 82.29456
Camera: 0.007480055 1.267383 -0.1023899 0.09561303 0.0665005 -0.02065971 -0.9929799 82.36192
Camera: 0.005944252 1.26734 -0.1025715 0.09534413 0.06824508 -0.02159913 -0.9928674 82.40046
Camera: 0.005372375 1.267539 -0.1027848 0.09595129 0.06783683 -0.02143617 -0.9928404 82.44748
Camera: 0.005223513 1.267558 -0.102868 0.09611811 0.06283028 -0.02246416 -0.9931309 82.48647
Camera: 0.004695773 1.26757 -0.103344 0.09629107 0.06188146 -0.02223612 -0.9931789 82.52991
Camera: 0.004117012 1.267787 -0.1036241 0.09691848 0.0625939 -0.02280639 -0.9930603 82.5956
Camera: 0.00247106 1.26792 -0.1043229 0.09906793 0.06937975 -0.02434669 -0.9923605 82.65182
Camera: 0.002376974 1.268197 -0.1044193 0.1017734 0.06926192 -0.02643594 -0.9920414 82.69361
Camera: 0.003520966 1.268711 -0.1044079 0.1035861 0.06668393 -0.02701813 -0.9920147 82.74329
Camera: 0.005288213 1.270133 -0.1046927 0.1102587 0.06089003 -0.02558591 -0.991706 82.78161
Camera: 0.006142497 1.27073 -0.105236 0.1131559 0.05927235 -0.02530641 -0.9914848 82.83006
Camera: 0.006739408 1.271192 -0.1057598 0.114879 0.05972925 -0.02450079 -0.9912795 82.89343
Camera: 0.007871836 1.27138 -0.1064525 0.1180058 0.06114519 -0.02425435 -0.9908318 82.93896
Camera: 0.009522676 1.270754 -0.1066624 0.1146707 0.06073122 -0.02352707 -0.9912663 82.9842
Camera: 0.010225 1.270704 -0.1066544 0.1132899 0.06182337 -0.02243463 -0.9913829 83.04249
Camera: 0.01194441 1.270372 -0.106499 0.1119968 0.06360125 -0.02100052 -0.9914488 83.08801
Camera: 0.01322174 1.270315 -0.1062884 0.1114386 0.06290294 -0.02255423 -0.9915221 83.12956
Camera: 0.01487958 1.27016 -0.1059184 0.1099206 0.06069333 -0.02229495 -0.9918351 83.1909
Camera: 0.02074724 1.269596 -0.1054949 0.1055189 0.03655733 -0.01992301 -0.9935454 83.23216
Camera: 0.02493319 1.269686 -0.1050373 0.1024372 0.0164179 -0.02010818 -0.9944007 83.27244
Camera: 0.03038651 1.269044 -0.1039332 0.1035061 -0.001899181 -0.01996845 -0.9944265 83.31401
Camera: 0.03257287 1.268062 -0.1038175 0.1012723 -0.006295852 -0.02051724 -0.9946272 83.35959
Camera: 0.03762308 1.266838 -0.103258 0.0928119 -0.02233323 -0.02055373 -0.995221 83.43865
Camera: 0.04130778 1.265986 -0.1027329 0.08747262 -0.03121644 -0.01758219 -0.9955225 83.48479
Camera: 0.04201233 1.265627 -0.1022955 0.08737622 -0.03181155 -0.01621942 -0.9955353 83.52239
Camera: 0.04258478 1.265434 -0.101684 0.08658394 -0.03232966 -0.01521846 -0.9956036 83.57061
Camera: 0.04304427 1.265508 -0.1017975 0.08506721 -0.03250229 -0.01869371 -0.9956695 83.62884
Camera: 0.04301456 1.265503 -0.1015831 0.08554263 -0.03087134 -0.017834 -0.9956964 83.67509
Camera: 0.04318419 1.265592 -0.1012091 0.08575487 -0.02873234 -0.01645545 -0.9957659 83.71523
Camera: 0.04335129 1.26545 -0.1010836 0.08500388 -0.02911908 -0.01625094 -0.9958225 83.76395
Camera: 0.04335189 1.265398 -0.1008205 0.08494383 -0.02975138 -0.01604663 -0.9958122 83.80875
Camera: 0.0432058 1.265482 -0.1010347 0.08593904 -0.0314327 -0.01605936 -0.995675 83.85497
Camera: 0.04280579 1.265773 -0.1010517 0.08750702 -0.03041594 -0.01572221 -0.9955754 83.92266
Camera: 0.04185027 1.266106 -0.1008055 0.08888902 -0.02929658 -0.01654193 -0.9954732 83.97437
Camera: 0.04131001 1.266035 -0.1005586 0.08874857 -0.02924199 -0.01844846 -0.9954538 84.01631
Camera: 0.04101345 1.266087 -0.1004119 0.08868162 -0.02835765 -0.01866836 -0.9954813 84.0778
Camera: 0.040685 1.265993 -0.1004428 0.08815726 -0.02863399 -0.01895556 -0.9955145 84.12164
Camera: 0.04056501 1.26619 -0.1006249 0.08826289 -0.02885371 -0.01856628 -0.9955062 84.16447
Camera: 0.04065821 1.266377 -0.1010662 0.08863338 -0.02997505 -0.01958922 -0.9954205 84.22379
Camera: 0.04093874 1.266259 -0.1012281 0.08878188 -0.02928671 -0.01855502 -0.9954475 84.26978
Camera: 0.0394901 1.26678 -0.1016612 0.09104955 -0.01958254 -0.01753072 -0.9954995 84.31211
Camera: 0.03785694 1.267133 -0.1019102 0.0940346 -0.008387299 -0.01625012 -0.995401 84.3718
Camera: 0.03473675 1.268891 -0.1030481 0.1032732 0.01088523 -0.01474696 -0.9944842 84.4345
Camera: 0.03378457 1.270195 -0.1035933 0.1096275 0.01655247 -0.01281791 -0.9937522 84.47919
Camera: 0.03201681 1.27215 -0.1048625 0.1202144 0.0270076 -0.009343551 -0.9923366 84.51636
Camera: 0.03179178 1.272858 -0.1054907 0.1250053 0.02749698 -0.008842204 -0.9917356 84.56174
Camera: 0.03133482 1.274297 -0.1063321 0.1324804 0.02834912 -0.0104352 -0.9907252 84.62125
Camera: 0.03042886 1.275438 -0.1087092 0.1406617 0.03063996 -0.01166634 -0.9895148 84.66557
Camera: 0.03038922 1.276552 -0.1096234 0.1462531 0.02862226 -0.01303677 -0.9887471 84.70253
Camera: 0.03067991 1.277283 -0.1107552 0.1509493 0.02554772 -0.01376262 -0.9881155 84.74794
Camera: 0.03120711 1.277174 -0.1130628 0.1509414 0.01932282 -0.01425291 -0.9882511 84.806
Camera: 0.03107911 1.277364 -0.114333 0.1509877 0.01527776 -0.01543278 -0.9882971 84.84816
Camera: 0.03110814 1.27714 -0.1150974 0.1504863 0.01332517 -0.01665551 -0.988382 84.89242
Camera: 0.03084952 1.276685 -0.1155058 0.1482056 0.0123316 -0.01802349 -0.9887155 84.93585
Camera: 0.03032625 1.273598 -0.1157291 0.1302842 0.01247804 -0.01880318 -0.9912199 85.005
Camera: 0.0293166 1.267506 -0.1149926 0.09658481 0.01494145 -0.01937836 -0.995024 85.05482
Camera: 0.02898902 1.266662 -0.1143558 0.09108047 0.01615887 -0.01947206 -0.995522 85.09953
Camera: 0.02860844 1.266274 -0.1135612 0.08925827 0.01749309 -0.01915812 -0.9956706 85.1649
Camera: 0.02771553 1.263521 -0.1140663 0.07582711 0.01983737 -0.02026608 -0.9967176 85.21124
Camera: 0.02689838 1.264269 -0.1147214 0.07978801 0.02475121 -0.02131175 -0.9962766 85.24773
Camera: 0.02639869 1.264385 -0.115642 0.08183233 0.0269242 -0.0207169 -0.996067 85.31117
Camera: 0.02536702 1.266246 -0.1171917 0.0908327 0.0305032 -0.02106073 -0.9951761 85.35224
Camera: 0.02482677 1.26675 -0.1179778 0.09490079 0.03258652 -0.02022287 -0.9947477 85.3933
Camera: 0.02465573 1.267346 -0.1182574 0.09902967 0.03395212 -0.02073961 -0.9942889 85.45429
Camera: 0.0241968 1.268516 -0.1193377 0.105662 0.0368632 -0.02205902 -0.9934738 85.49791
Camera: 0.0239526 1.269361 -0.1196659 0.1091971 0.03725576 -0.02104171 -0.9930988 85.53577
Camera: 0.02406478 1.270241 -0.1201609 0.1158928 0.03643928 -0.02120712 -0.9923666 85.59942
Camera: 0.02390274 1.270533 -0.120302 0.1163229 0.03628364 -0.02113808 -0.9923234 85.63671
Camera: 0.02370059 1.270392 -0.1202516 0.1147838 0.0364744 -0.02268165 -0.9924616 85.67976
Camera: 0.02384287 1.270583 -0.1200201 0.1155785 0.03637358 -0.02240805 -0.9923792 85.71762
Camera: 0.0239076 1.270613 -0.1199902 0.1160842 0.03645231 -0.02156964 -0.9923359 85.78074
Camera: 0.02438805 1.269834 -0.119836 0.112699 0.03589002 -0.02141302 -0.9927499 85.81786
Camera: 0.02499565 1.269413 -0.1190576 0.1091972 0.03438966 -0.02123581 -0.9931981 85.86185
Camera: 0.02535373 1.268109 -0.1189734 0.1035668 0.03210027 -0.02110662 -0.9938803 85.90004
Camera: 0.02631643 1.266845 -0.1182315 0.09488642 0.02780044 -0.02101921 -0.9948778 85.96809
Camera: 0.03043276 1.262931 -0.1153988 0.07305887 0.009704543 -0.02053795 -0.9970689 86.01203
Camera: 0.03130651 1.262722 -0.1145815 0.07271024 0.007757519 -0.01987866 -0.9971249 86.06151
Camera: 0.03173429 1.262752 -0.1146543 0.07205916 0.009254469 -0.01846681 -0.9971865 86.11012
Camera: 0.03186351 1.263064 -0.1144654 0.07291339 0.01058259 -0.01953219 -0.9970909 86.15652
Camera: 0.03162318 1.263787 -0.1145979 0.07644136 0.01208228 -0.01929837 -0.9968141 86.22564
Camera: 0.03052491 1.26645 -0.1144156 0.0907832 0.02286634 -0.01905589 -0.9954258 86.27211
Camera: 0.02853519 1.269766 -0.1150128 0.1097555 0.0336862 -0.01595299 -0.9932595 86.32232
Camera: 0.02813798 1.271113 -0.1155434 0.1164501 0.0357217 -0.01654996 -0.992416 86.39527
Camera: 0.02758375 1.272107 -0.1163529 0.1222928 0.03767454 -0.01775223 -0.9916199 86.44489
Camera: 0.02708751 1.270542 -0.1170063 0.1147441 0.03703438 -0.01732733 -0.9925533 86.51342
Camera: 0.02726918 1.270101 -0.1165263 0.1117974 0.03426713 -0.01669334 -0.9929997 86.55499
Camera: 0.0274263 1.270155 -0.1158393 0.1117838 0.03248103 -0.01676971 -0.99306 86.59833
Camera: 0.02747089 1.269528 -0.1158006 0.1096042 0.03155835 -0.01545104 -0.9933541 86.65498
Camera: 0.02800581 1.268556 -0.1155545 0.1040422 0.0257077 -0.01657681 -0.9941024 86.69842
Camera: 0.02809075 1.268216 -0.1151172 0.1020478 0.02238335 -0.01829335 -0.9943594 86.73937
Camera: 0.02688059 1.269152 -0.1150001 0.1082933 0.02927199 -0.01720843 -0.9935389 86.79912
Camera: 0.02622771 1.269592 -0.1148001 0.1097688 0.03154273 -0.0180751 -0.9932921 86.8437
Camera: 0.02600414 1.26998 -0.1145926 0.1114281 0.03202195 -0.02058247 -0.9930432 86.88038
Camera: 0.02624086 1.269803 -0.1145685 0.1115822 0.0313434 -0.02009889 -0.9930574 86.94644
Camera: 0.0265123 1.269919 -0.1142458 0.1117437 0.03111123 -0.01865466 -0.9930748 86.98463
Camera: 0.02658591 1.269927 -0.114369 0.1111946 0.0313379 -0.01758877 -0.9931487 87.02814
Camera: 0.02661633 1.270095 -0.1144862 0.1122737 0.03178689 -0.01818003 -0.9930024 87.0653
Camera: 0.02656347 1.270131 -0.1144586 0.1119368 0.03178583 -0.01766863 -0.9930497 87.12834
Camera: 0.0264942 1.27018 -0.1145008 0.1114031 0.03183462 -0.01844735 -0.993094 87.16967
Camera: 0.02641702 1.270065 -0.1144128 0.1122809 0.03234448 -0.01899475 -0.9929683 87.22069
Camera: 0.02620435 1.270382 -0.1147039 0.1125914 0.03238199 -0.01904649 -0.9929309 87.2636
Camera: 0.0262472 1.27055 -0.1149261 0.113154 0.03234181 -0.01942842 -0.9928609 87.32404
Camera: 0.02615762 1.271092 -0.1152944 0.1152375 0.03214784 -0.01934959 -0.9926291 87.37104
Camera: 0.0264999 1.271066 -0.1153801 0.1150401 0.03206379 -0.01908416 -0.9926598 87.40974
Camera: 0.02669019 1.271076 -0.1158739 0.1146993 0.03207142 -0.01874868 -0.9927054 87.47415
Camera: 0.02715063 1.270695 -0.1154468 0.1133617 0.03137376 -0.01817003 -0.9928921 87.53812
Camera: 0.02722561 1.270339 -0.1156984 0.1109658 0.03096565 -0.01841581 -0.993171 87.59063
Camera: 0.02728063 1.270033 -0.115648 0.1093906 0.03137547 -0.01864779 -0.9933286 87.63205
Camera: 0.02738202 1.269633 -0.1152091 0.107443 0.03119852 -0.01861067 -0.9935473 87.68017
Camera: 0.02868626 1.267786 -0.1146234 0.09605588 0.02577963 -0.01708578 -0.9948953 87.73952
Camera: 0.03018844 1.26583 -0.1131197 0.08660563 0.0186476 -0.01997367 -0.9958679 87.78564
Camera: 0.03045794 1.265635 -0.112613 0.08649564 0.01752105 -0.01896165 -0.9959177 87.82787
Camera: 0.03074306 1.265376 -0.1124234 0.08431017 0.01677664 -0.01870275 -0.9961228 87.88927
Camera: 0.03117594 1.265295 -0.1126944 0.08332687 0.01497489 -0.01911494 -0.9962264 87.93208
Camera: 0.03113765 1.265317 -0.112761 0.08292775 0.01506143 -0.01915067 -0.9962577 87.97379
Camera: 0.0304985 1.265534 -0.1127949 0.08370713 0.01900788 -0.01927657 -0.9961226 88.03417
Camera: 0.02936667 1.265944 -0.1132113 0.08557758 0.02566646 -0.0177564 -0.9958426 88.08228
Camera: 0.02909273 1.266178 -0.1133699 0.08653164 0.02642936 -0.01746119 -0.9957454 88.11966
Camera: 0.02867648 1.266792 -0.1134392 0.09014613 0.02685574 -0.01873253 -0.9953902 88.18377
Camera: 0.02717006 1.268785 -0.1138262 0.1014373 0.03587869 -0.0178662 -0.9940342 88.22135
Camera: 0.02596673 1.269611 -0.1142604 0.1068538 0.0410734 -0.0165473 -0.9932882 88.26781
Camera: 0.02447623 1.270966 -0.1152562 0.1130442 0.04731759 -0.0181407 -0.9922968 88.30959
Camera: 0.02376518 1.272044 -0.1156399 0.1200729 0.04836641 -0.01844769 -0.9914146 88.37598
Camera: 0.02246529 1.273549 -0.116847 0.1278889 0.04878877 -0.01867769 -0.9904117 88.41875
Camera: 0.02196959 1.273962 -0.1172788 0.1296502 0.04836624 -0.02021668 -0.9901732 88.46122
Camera: 0.02152175 1.274383 -0.1173842 0.1325016 0.04764464 -0.02119941 -0.98981 88.50591
Camera: 0.01914293 1.27486 -0.1181883 0.134947 0.04746963 -0.0213686 -0.9894844 88.58414
Camera: 0.01851076 1.275332 -0.1182631 0.1368017 0.0457899 -0.02185907 -0.9892981 88.63056
Camera: 0.01818869 1.275514 -0.1184275 0.1393169 0.04159083 -0.02308358 -0.9891047 88.66857
Camera: 0.01707488 1.276211 -0.1191221 0.1419393 0.03673545 -0.02540405 -0.9888673 88.73367
Camera: 0.01460159 1.275789 -0.1191431 0.138703 0.04018948 -0.02556956 -0.9891878 88.78134
Camera: 0.01297957 1.275657 -0.1190817 0.1381733 0.04509088 -0.02648751 -0.9890265 88.82541
Camera: 0.01127449 1.275307 -0.1190152 0.1351313 0.05004305 -0.02660149 -0.9892055 88.89111
Camera: 0.007394969 1.273708 -0.1183499 0.1268508 0.06518438 -0.02815371 -0.9893772 88.93619
Camera: 0.003997326 1.272162 -0.1175329 0.1179665 0.07947531 -0.02740327 -0.9894527 88.98227
Camera: 0.002940774 1.271819 -0.1169765 0.1163891 0.08402479 -0.02750008 -0.9892609 89.03995
Camera: 0.002025843 1.271599 -0.1164059 0.1155164 0.08586436 -0.02837209 -0.9891806 89.08487
Camera: 0.001867294 1.271604 -0.1164453 0.11482 0.08561359 -0.02932123 -0.9892558 89.12993
Camera: 0.001959503 1.271482 -0.1163185 0.114672 0.08520375 -0.02967739 -0.9892977 89.18726
Camera: 0.001870871 1.271518 -0.1165311 0.1143812 0.08657301 -0.02774834 -0.9892685 89.23427
Camera: 0.002024978 1.271613 -0.1166063 0.1150864 0.08834618 -0.02795081 -0.9890242 89.27294
Camera: 0.002024412 1.271709 -0.1167823 0.1157843 0.08873843 -0.02726053 -0.9889269 89.33894
Camera: 0.002489269 1.272141 -0.1168685 0.1169182 0.0888272 -0.02663819 -0.9888024 89.37694
Camera: 0.002941996 1.272125 -0.1167874 0.1176833 0.08787964 -0.0272179 -0.9887806 89.42341
Camera: 0.003410518 1.27215 -0.1166534 0.1178185 0.085933 -0.02730734 -0.9889331 89.46328
Camera: 0.003725648 1.272158 -0.1167067 0.1176827 0.08482661 -0.02582784 -0.9890845 89.53183
Camera: 0.004040718 1.27255 -0.1174482 0.1203625 0.08554066 -0.02624149 -0.9886896 89.60179
Camera: 0.004408836 1.272579 -0.117546 0.1188578 0.08467425 -0.02634207 -0.9889435 89.64851
Camera: 0.004506767 1.272406 -0.1175036 0.1187319 0.08446614 -0.02683146 -0.9889632 89.68687
Camera: 0.004785955 1.272227 -0.1176319 0.1190663 0.08360807 -0.02681989 -0.9889963 89.73174
Camera: 0.005221844 1.272102 -0.117521 0.1181403 0.08118603 -0.02562118 -0.9893408 89.79179
Camera: 0.006914943 1.270854 -0.1166065 0.1098525 0.07424015 -0.02666849 -0.9908127 89.8427
Camera: 0.009478986 1.267168 -0.1145076 0.09012302 0.06137079 -0.0255572 -0.9937094 89.88435
Camera: 0.01028454 1.264921 -0.1130906 0.07777843 0.05668584 -0.02569629 -0.9950261 89.93549
Camera: 0.01158714 1.262403 -0.1098255 0.06774773 0.0506211 -0.02750476 -0.9960378 89.99693
Camera: 0.01226115 1.261023 -0.108466 0.06286559 0.04758474 -0.02761604 -0.9965044 90.04417
Camera: 0.0139659 1.260017 -0.1063811 0.05665555 0.04374154 -0.02926062 -0.9970059 90.08775
Camera: 0.01428938 1.259903 -0.1061455 0.05642928 0.04297305 -0.02837608 -0.9970777 90.14833
Camera: 0.01506424 1.260717 -0.1062149 0.06061943 0.041602 -0.02756854 -0.9969125 90.1935
Camera: 0.01543829 1.261625 -0.1066352 0.06458817 0.04051215 -0.02778962 -0.996702 90.23472
Camera: 0.01632267 1.265371 -0.1071968 0.08214515 0.0369389 -0.02696404 -0.9955705 90.29529
Camera: 0.01667219 1.267251 -0.1075173 0.09306488 0.03548331 -0.02668859 -0.9946696 90.33862
Camera: 0.01732841 1.270536 -0.108293 0.1096441 0.03327261 -0.02438689 -0.9931145 90.37979
Camera: 0.01758108 1.271361 -0.1089142 0.1141208 0.03294986 -0.02382705 -0.9926344 90.43918
Camera: 0.01764032 1.271692 -0.1095308 0.1181987 0.03234244 -0.02484247 -0.9921522 90.48267
Camera: 0.01766559 1.271661 -0.1099605 0.1176767 0.03166277 -0.0251921 -0.9922273 90.52068
Camera: 0.01776487 1.271904 -0.1103123 0.1181643 0.03090743 -0.02546299 -0.9921862 90.56835
Camera: 0.01809663 1.272811 -0.1115302 0.1226833 0.02729114 -0.0277598 -0.9916821 90.64108
Camera: 0.01830405 1.272934 -0.1117072 0.1235942 0.02643158 -0.02895848 -0.991558 90.68675
Camera: 0.01836455 1.272944 -0.1121797 0.1235779 0.02607428 -0.02962402 -0.9915498 90.72435
Camera: 0.0182136 1.273011 -0.1124264 0.1235501 0.02742213 -0.02952641 -0.9915199 90.77086
Camera: 0.019409 1.27477 -0.1132751 0.1338184 0.01992258 -0.02904907 -0.9903797 90.82928
Camera: 0.02098638 1.276044 -0.113955 0.1398807 0.009698819 -0.03086212 -0.9896398 90.87348
Camera: 0.02347559 1.278498 -0.1156933 0.1547151 -0.003516749 -0.03334846 -0.9873899 90.91155
Camera: 0.02427965 1.279248 -0.1163707 0.1588506 -0.007750575 -0.03367147 -0.9866979 90.97466
Camera: 0.02499646 1.278309 -0.1176356 0.1548392 -0.01037032 -0.03392423 -0.9873027 91.01362
Camera: 0.02509981 1.27703 -0.1174624 0.1460462 -0.009509733 -0.03248089 -0.9886987 91.0652
Camera: 0.02513021 1.275684 -0.116826 0.1386865 -0.007860912 -0.03227402 -0.9897791 91.10833
Camera: 0.02467689 1.271305 -0.115426 0.1140258 -0.003421427 -0.0332353 -0.9929158 91.17072
Camera: 0.02403635 1.266607 -0.1137254 0.08777863 0.002693579 -0.03168647 -0.9956323 91.21637
Camera: 0.02377042 1.266686 -0.1127674 0.08800821 0.004324966 -0.02816338 -0.9957122 91.2586
Camera: 0.0237813 1.266607 -0.1119987 0.08886557 0.004088471 -0.02764962 -0.9956515 91.32658
Camera: 0.02416641 1.267009 -0.1115335 0.09065308 0.001140426 -0.02929987 -0.9954509 91.3684
Camera: 0.02485794 1.266972 -0.1111772 0.08931543 0.0003306313 -0.02937498 -0.9955701 91.41146
Camera: 0.02481487 1.267122 -0.1109704 0.08967177 0.001065685 -0.02877521 -0.995555 91.47666
Camera: 0.02503711 1.267067 -0.1106426 0.08961419 -0.0005830852 -0.0278519 -0.9955869 91.5195
Camera: 0.02530336 1.267406 -0.1099531 0.08974343 -0.00242456 -0.02905181 -0.9955382 91.55619
Camera: 0.02548623 1.267239 -0.1101791 0.09021217 -0.003250576 -0.02848138 -0.9955099 91.64259
Camera: 0.02581125 1.266604 -0.1087446 0.08822986 -0.004252802 -0.02739554 -0.9957143 91.67947
Camera: 0.02614719 1.266467 -0.1086026 0.08572851 -0.007380016 -0.02823074 -0.9958912 91.72425
Camera: 0.02718112 1.266024 -0.1079883 0.08270164 -0.01237156 -0.0297425 -0.9960536 91.76285
Camera: 0.02862048 1.265605 -0.1074968 0.08032028 -0.01978198 -0.03000296 -0.996121 91.82682
Camera: 0.03299952 1.263854 -0.1066336 0.07242391 -0.04409351 -0.03033662 -0.9959369 91.8662
Camera: 0.03658321 1.26349 -0.1060547 0.06862426 -0.06428705 -0.03167762 -0.995065 91.91242
Camera: 0.04198992 1.262875 -0.1046193 0.0665114 -0.08860394 -0.03426981 -0.9932528 91.95286
Camera: 0.04344997 1.26273 -0.1046281 0.06624782 -0.0930604 -0.0348984 -0.9928409 92.01662
Camera: 0.04637063 1.261759 -0.1039116 0.06042352 -0.09780933 -0.03659245 -0.992695 92.05511
Camera: 0.04754773 1.261231 -0.1033148 0.05657216 -0.09827259 -0.03568463 -0.9929092 92.09883
Camera: 0.04826707 1.260676 -0.1023873 0.05145617 -0.09551147 -0.03286479 -0.9935541 92.13873
Camera: 0.0492011 1.259307 -0.100481 0.04737447 -0.08920203 -0.03006865 -0.9944318 92.20538
Camera: 0.04988551 1.258586 -0.09984531 0.04490312 -0.08611538 -0.03155975 -0.9947723 92.24321
Camera: 0.05033374 1.257951 -0.09956492 0.04237405 -0.08424807 -0.0310999 -0.9950576 92.29082
Camera: 0.05060232 1.257604 -0.09921654 0.04080738 -0.08263794 -0.02899631 -0.9953216 92.32919
Camera: 0.05106485 1.257369 -0.09875883 0.03999554 -0.08136435 -0.0275711 -0.9954999 92.39441
Camera: 0.050973 1.256633 -0.09880902 0.03744845 -0.07950172 -0.02566021 -0.9958005 92.43717
Camera: 0.05067667 1.256783 -0.09890486 0.03759005 -0.07882655 -0.02635023 -0.9958308 92.48473
Camera: 0.05039048 1.256849 -0.09906067 0.03785204 -0.07799919 -0.02626716 -0.9958882 92.5481
Camera: 0.04884481 1.257162 -0.09857918 0.03909677 -0.07298473 -0.02744336 -0.9961885 92.58858
Camera: 0.04838327 1.256873 -0.09820379 0.0384273 -0.07134369 -0.0273676 -0.9963355 92.62934
Camera: 0.04711738 1.256457 -0.09787782 0.03743125 -0.06665061 -0.02830018 -0.9966723 92.68713
Camera: 0.04637617 1.256879 -0.09795471 0.03785055 -0.06523754 -0.028894 -0.996733 92.73081
Camera: 0.04520297 1.25683 -0.0978709 0.03831862 -0.06127725 -0.02925972 -0.9969558 92.76976
Camera: 0.04119784 1.257302 -0.09705009 0.04211987 -0.04022649 -0.0258275 -0.9979684 92.83237
Camera: 0.03925553 1.257846 -0.09757157 0.04488425 -0.03387649 -0.02475113 -0.9981108 92.87006
Camera: 0.0345858 1.258881 -0.09834768 0.048629 -0.01476233 -0.0234316 -0.998433 92.91364
Camera: 0.03208172 1.259274 -0.09874125 0.050967 -0.005018953 -0.02083812 -0.9984703 92.95063
Camera: 0.02965283 1.259539 -0.09901901 0.05182728 0.005721875 -0.01834084 -0.9984713 93.01613
Camera: 0.02618805 1.259999 -0.09944136 0.0535234 0.01660899 -0.01469253 -0.9983203 93.05816
Camera: 0.02501279 1.260131 -0.09969439 0.05427871 0.01941026 -0.01834156 -0.9981686 93.10271
Camera: 0.02262554 1.260464 -0.09977801 0.05473465 0.02261696 -0.02029263 -0.9980385 93.14912
Camera: 0.02178466 1.260514 -0.09980829 0.05418142 0.02254862 -0.02034028 -0.9980693 93.20859
Camera: 0.0200786 1.260306 -0.09975864 0.05410268 0.02304307 -0.02076487 -0.9980535 93.25488
Camera: 0.01963788 1.260239 -0.0997795 0.05369908 0.02157925 -0.02148061 -0.9980928 93.29562
Camera: 0.01910251 1.260024 -0.09952082 0.05259171 0.02095787 -0.02380133 -0.9981124 93.36066
Camera: 0.01887715 1.259587 -0.09976979 0.05129188 0.0186094 -0.02542556 -0.9981866 93.40024
Camera: 0.01947317 1.259525 -0.09961624 0.05139334 0.01472249 -0.02572466 -0.9982386 93.44577
Camera: 0.02013874 1.259668 -0.09959759 0.0519756 0.01080177 -0.02612321 -0.9982482 93.4832
Camera: 0.0210526 1.260133 -0.09958549 0.0534719 0.005998193 -0.02748354 -0.9981731 93.54748
Camera: 0.02324352 1.261065 -0.09962286 0.05804976 -0.005184839 -0.03036354 -0.9978384 93.59505
Camera: 0.02443698 1.261582 -0.09966721 0.06126636 -0.01162761 -0.03147135 -0.9975575 93.6346
Camera: 0.02601665 1.262723 -0.09968187 0.06588044 -0.01716152 -0.03162424 -0.9971786 93.69543
Camera: 0.0267058 1.262986 -0.09998192 0.0667891 -0.02002961 -0.03177286 -0.9970599 93.73859
Camera: 0.02766716 1.263158 -0.1006544 0.06756324 -0.02348483 -0.03299981 -0.9968926 93.77548
Camera: 0.02787271 1.26318 -0.1008622 0.06723449 -0.02292068 -0.03279439 -0.9969347 93.83878
Camera: 0.02858108 1.2635 -0.1011137 0.06803755 -0.02394833 -0.03316472 -0.9968438 93.88001
Camera: 0.02878132 1.263296 -0.1011047 0.06735588 -0.02375977 -0.03263693 -0.996912 93.92123
Camera: 0.02897203 1.263527 -0.1012352 0.06775487 -0.02337195 -0.03250389 -0.9968985 93.98457
Camera: 0.02931172 1.263846 -0.1008994 0.06785417 -0.02350975 -0.03311559 -0.9968684 94.02113
Camera: 0.02922285 1.263764 -0.1011989 0.06785458 -0.0227076 -0.03333535 -0.9968796 94.06577
Camera: 0.0294463 1.263671 -0.1013571 0.06794862 -0.02268061 -0.03256205 -0.9968994 94.1034
Camera: 0.03000784 1.263526 -0.1010726 0.06830727 -0.02279789 -0.03182734 -0.9968959 94.16768
Camera: 0.02893865 1.263681 -0.1013282 0.0687315 -0.01706518 -0.03001151 -0.9970376 94.20988
Camera: 0.02733642 1.263775 -0.1012072 0.0701744 -0.005920963 -0.02675165 -0.9971584 94.25468
Camera: 0.02547878 1.264167 -0.100911 0.07204523 0.004236173 -0.02285659 -0.9971305 94.29881
Camera: 0.02270171 1.264846 -0.101091 0.07634396 0.01449501 -0.01911358 -0.996793 94.36113
Camera: 0.02087647 1.264804 -0.1011469 0.07652438 0.02322178 -0.0196675 -0.9966032 94.40486
Camera: 0.01665926 1.264703 -0.1022029 0.07585042 0.03788666 -0.01858676 -0.9962258 94.44263
Camera: 0.01469025 1.264581 -0.102201 0.07564392 0.04541256 -0.01948858 -0.9959096 94.51114
Camera: 0.01061583 1.264722 -0.1029278 0.07650355 0.05370179 -0.02088365 -0.9954031 94.55103
Camera: 0.008788466 1.2649 -0.1036055 0.07764129 0.05694444 -0.02283082 -0.9950919 94.59627
Camera: 0.007038772 1.265038 -0.1037045 0.07811595 0.06055822 -0.02344596 -0.9948271 94.63389
Camera: 0.003458738 1.265123 -0.1042519 0.07832863 0.06673849 -0.0254445 -0.9943658 94.71967
Camera: 0.0001759231 1.26515 -0.1043351 0.07803158 0.07265426 -0.02511075 -0.9939829 94.76091
Camera: -0.001223564 1.265178 -0.1043337 0.07832429 0.07516036 -0.02585726 -0.9937543 94.80709
Camera: -0.003363073 1.26526 -0.1043634 0.07920846 0.07975776 -0.02712913 -0.9932919 94.84747
Camera: -0.004120022 1.265261 -0.1042347 0.07920346 0.08018725 -0.02769785 -0.993242 94.91584
Camera: -0.004980773 1.265177 -0.1041442 0.07959761 0.08111016 -0.02979718 -0.9930748 94.95734
Camera: -0.005476087 1.265122 -0.1041576 0.08015755 0.08108567 -0.02981005 -0.9930314 94.99926
Camera: -0.006021708 1.265306 -0.103669 0.07979939 0.08259655 -0.03075604 -0.9929069 95.064
Camera: -0.0060215 1.265349 -0.1038388 0.08033064 0.08259618 -0.03149201 -0.9928409 95.10506
Camera: -0.004407734 1.265988 -0.104 0.08575025 0.07485146 -0.03215406 -0.9929805 95.14642
Camera: -0.001888424 1.267096 -0.1038369 0.090191 0.0569692 -0.03358684 -0.9937264 95.21039
Camera: 0.002831757 1.27049 -0.1039481 0.1067485 0.03069697 -0.03710148 -0.9931194 95.25174
Camera: 0.00392431 1.271305 -0.1048185 0.111162 0.02556331 -0.03630421 -0.99281 95.2957
Camera: 0.004014492 1.271726 -0.1058126 0.1125608 0.02492307 -0.03468435 -0.9927265 95.33386
Camera: 0.004199833 1.271683 -0.1071543 0.1125187 0.02522012 -0.0360408 -0.9926755 95.40003
Camera: 0.02202776 1.257979 -0.1072047 0.04268482 0.005774951 -0.02674204 -0.9987139 96.43226
Camera: 0.0230884 1.259109 -0.1065404 0.04855551 0.0009338521 -0.02725493 -0.9984481 96.49736
Camera: 0.02394927 1.262506 -0.1065436 0.06734069 -0.001977357 -0.02664523 -0.9973723 96.53783
Camera: 0.02377617 1.263148 -0.10698 0.07063155 -0.0001753004 -0.02708761 -0.9971346 96.58546
Camera: 0.02310646 1.264498 -0.1071885 0.0772965 0.004340658 -0.02736206 -0.9966232 96.62819
Camera: 0.02265447 1.265751 -0.1074315 0.08384264 0.006645119 -0.0270592 -0.9960894 96.68884
Camera: 0.02296042 1.268038 -0.1080172 0.09503178 0.00602291 -0.03063094 -0.9949846 96.73383
Camera: 0.02299803 1.26825 -0.1082906 0.09648442 0.00444897 -0.03009477 -0.9948695 96.79734
Camera: 0.02427781 1.265669 -0.1074983 0.08244359 0.002236976 -0.0286854 -0.9961803 96.84634
Camera: 0.02511752 1.264777 -0.1062319 0.07845122 -3.567092E-05 -0.02823613 -0.996518 96.88598
Camera: 0.02605146 1.264135 -0.1053106 0.07555798 -0.001961532 -0.02742293 -0.9967623 96.95219
Camera: 0.02798173 1.261783 -0.1047501 0.06299193 -0.009326821 -0.0256614 -0.9976405 96.99371
Camera: 0.02894545 1.261235 -0.1042238 0.05943849 -0.01156189 -0.02577628 -0.9978322 97.03378
Camera: 0.02973193 1.260744 -0.1034781 0.05709302 -0.01159955 -0.02519836 -0.9979835 97.09806
Camera: 0.03086901 1.260691 -0.1037098 0.0565597 -0.01140998 -0.02516492 -0.9980168 97.13782
Camera: 0.03133476 1.260627 -0.103805 0.05577766 -0.01178734 -0.02470516 -0.998068 97.18259
Camera: 0.03197882 1.260141 -0.1040427 0.0542106 -0.01215117 -0.02420202 -0.9981622 97.22193
Camera: 0.03256491 1.259806 -0.1041841 0.05324753 -0.01306866 -0.02368014 -0.998215 97.28699
Camera: 0.03351921 1.259835 -0.1043057 0.05187177 -0.0145651 -0.02310736 -0.9982802 97.33173
Camera: 0.03337568 1.259884 -0.104556 0.0513595 -0.0137614 -0.02274999 -0.9983262 97.37119
Camera: 0.03303671 1.259773 -0.1045209 0.0502973 -0.01293936 -0.02201802 -0.9984077 97.43465
Camera: 0.03261805 1.259619 -0.1044094 0.05092844 -0.01139652 -0.02327534 -0.998366 97.47516
Camera: 0.03222257 1.259504 -0.1044673 0.0502771 -0.01035007 -0.02317681 -0.9984127 97.51527
Camera: 0.0317052 1.259604 -0.104438 0.04960649 -0.009967577 -0.02384161 -0.9984345 97.55946
Camera: 0.03116122 1.259485 -0.1044238 0.04996566 -0.009882076 -0.0241735 -0.9984095 97.59681
Camera: 0.0304262 1.259961 -0.1045539 0.05164471 -0.009109316 -0.02522071 -0.9983054 97.63967
Camera: 0.02882123 1.261909 -0.1044847 0.06274667 -0.005987224 -0.02630733 -0.9976647 97.70068
Camera: 0.02592513 1.265948 -0.105337 0.08422915 0.002339269 -0.02613919 -0.9961008 97.75011
Camera: 0.02455449 1.267982 -0.1058139 0.0937155 0.006639389 -0.02784894 -0.9951873 97.8127
Camera: 0.02189898 1.271099 -0.1078125 0.1104624 0.01247676 -0.02766057 -0.993417 97.85997
Camera: 0.02058309 1.272311 -0.1086279 0.1173638 0.01418834 -0.02824982 -0.9925857 97.89725
Camera: 0.01962537 1.272428 -0.1095003 0.1192508 0.01600833 -0.02906983 -0.9923094 97.94189
Camera: 0.0177753 1.271092 -0.1100556 0.1110128 0.01790079 -0.03137448 -0.9931623 98.00092
Camera: 0.01704165 1.269263 -0.1088107 0.1012008 0.01418535 -0.03129272 -0.9942726 98.05241
Camera: 0.01696962 1.268527 -0.1077143 0.09706368 0.01215087 -0.03194497 -0.9946912 98.0928
Camera: 0.01669937 1.268034 -0.1074363 0.094592 0.009666665 -0.03275233 -0.9949303 98.13946
Camera: 0.01697481 1.266126 -0.106125 0.0851877 0.004743835 -0.03533808 -0.9957268 98.1973
Camera: 0.01858413 1.265107 -0.1046248 0.08160968 -0.0003188846 -0.03810743 -0.9959355 98.24329
Camera: 0.01886153 1.265067 -0.104331 0.08062256 -0.000203098 -0.03689438 -0.9960616 98.28188
Camera: 0.01907074 1.265593 -0.1040699 0.08245045 0.002302713 -0.03516053 -0.995972 98.34615
Camera: 0.01925588 1.266674 -0.1047 0.08853951 0.00580502 -0.03321178 -0.9955019 98.38987
Camera: 0.01918107 1.267726 -0.1052175 0.0921843 0.007093324 -0.03313043 -0.9951654 98.4333
Camera: 0.019476 1.269623 -0.1057742 0.1025027 0.007576272 -0.03393094 -0.994125 98.48183
Camera: 0.01955566 1.27042 -0.1059389 0.1075567 0.008312663 -0.03490181 -0.9935514 98.54519
Camera: 0.0194599 1.271594 -0.106586 0.1141316 0.009374962 -0.0349636 -0.992806 98.59212
Camera: 0.01922628 1.272068 -0.1067287 0.1169176 0.01019294 -0.03490209 -0.9924758 98.63439
Camera: 0.01817662 1.272322 -0.1071732 0.1179228 0.01237059 -0.03533319 -0.9923169 98.69466
Camera: 0.01720542 1.272021 -0.1073716 0.1162169 0.01534412 -0.035824 -0.992459 98.73913
Camera: 0.01472795 1.270906 -0.1076399 0.1114902 0.02271218 -0.03761443 -0.9927937 98.77883
Camera: 0.01197457 1.269421 -0.1077739 0.1033188 0.02955023 -0.03716676 -0.9935143 98.8395
Camera: 0.009389937 1.268338 -0.107848 0.0971095 0.03882857 -0.03685738 -0.9938328 98.88902
Camera: 0.006092608 1.266465 -0.1078327 0.08775831 0.05353199 -0.03408446 -0.9941183 98.92848
Camera: 0.002592742 1.265317 -0.1077861 0.08218952 0.06888001 -0.03037745 -0.9937694 98.99673
Camera: -0.006286085 1.263664 -0.1080974 0.07347114 0.09676275 -0.02939142 -0.9921568 99.03931
Camera: -0.008524269 1.263497 -0.10816 0.07350458 0.1014383 -0.03075163 -0.991646 99.08052
Camera: -0.01098624 1.263274 -0.1082976 0.07349902 0.1068817 -0.03159579 -0.9910479 99.12552
Camera: -0.01515216 1.263247 -0.1084011 0.07215476 0.1142772 -0.03168218 -0.9903185 99.17056
Camera: -0.01680714 1.262913 -0.1086215 0.07154623 0.1165428 -0.03431668 -0.9900108 99.23539
Camera: -0.01919025 1.262278 -0.1083968 0.07023516 0.1182539 -0.03965752 -0.9897021 99.28352
Camera: -0.01967964 1.262223 -0.1086068 0.06985942 0.1185955 -0.04161255 -0.9896076 99.32535
Camera: -0.02010465 1.262143 -0.1085602 0.06912381 0.1189402 -0.04141117 -0.9896263 99.36933
Camera: -0.02032226 1.262463 -0.1085717 0.07027837 0.1192898 -0.03949504 -0.9895813 99.40783
Camera: -0.02048928 1.262338 -0.1087537 0.07025721 0.1198746 -0.03872363 -0.9895426 99.45496
Camera: -0.02040172 1.262233 -0.1086579 0.06933477 0.1205776 -0.03909454 -0.9895077 99.51481
Camera: -0.02058151 1.26214 -0.1084107 0.06983821 0.1204075 -0.0380747 -0.9895327 99.56113
Camera: -0.02057219 1.262252 -0.1083337 0.069662 0.1200639 -0.03784044 -0.9895959 99.60388
Camera: -0.02040592 1.262136 -0.1082438 0.06978071 0.1192449 -0.03845492 -0.9896629 99.67005
Camera: -0.01986697 1.262397 -0.1077426 0.07007884 0.1161374 -0.03846857 -0.9900107 99.71671
Camera: -0.01942736 1.262331 -0.1077134 0.07023308 0.114084 -0.03834473 -0.9902433 99.75538
Camera: -0.01898545 1.262525 -0.1077109 0.07052128 0.1121158 -0.03757476 -0.9904771 99.80045
Camera: -0.01770443 1.262587 -0.1072107 0.07023377 0.108603 -0.03803307 -0.9908714 99.88255
Camera: -0.01711911 1.262296 -0.1069553 0.07003879 0.1081393 -0.03815681 -0.9909312 99.92848
Camera: -0.01670054 1.26219 -0.1068278 0.06981003 0.1099424 -0.03839678 -0.9907396 99.96745
Camera: -0.01623967 1.262108 -0.106619 0.06871808 0.1145834 -0.03622217 -0.9903719 100.0149
Camera: -0.01494569 1.261832 -0.1061417 0.0667052 0.1104417 -0.03565545 -0.9910004 100.0814
Camera: -0.01145753 1.261225 -0.1046133 0.06312799 0.1001237 -0.03667833 -0.9922927 100.1312
Camera: -0.004841 1.260291 -0.1033973 0.05751247 0.06939938 -0.03321953 -0.9953756 100.1705
Camera: -0.0004125535 1.259802 -0.1026797 0.05245797 0.0482303 -0.03303472 -0.9969106 100.215
Camera: 0.003951013 1.2591 -0.1014283 0.04924245 0.02799412 -0.0333166 -0.9978384 100.2747
Camera: 0.009763062 1.258318 -0.1004632 0.04636116 0.006809602 -0.03594586 -0.9982546 100.3204
Camera: 0.01192498 1.258387 -0.09986152 0.04587381 -0.0002417104 -0.03566321 -0.9983104 100.3619
Camera: 0.01519692 1.258491 -0.09870352 0.04641229 -0.003232435 -0.03353714 -0.998354 100.4308
Camera: 0.0185765 1.256468 -0.09804668 0.03739762 -0.005440961 -0.02999177 -0.9988355 100.4759
Camera: 0.01993909 1.256363 -0.09767564 0.03638821 -0.006489716 -0.02853061 -0.9989093 100.5182
Camera: 0.02103233 1.256378 -0.09742393 0.03599122 -0.006285551 -0.02863341 -0.998922 100.5624
Camera: 0.02179033 1.256426 -0.09739615 0.03549269 -0.005802198 -0.02737323 -0.9989781 100.5997
Camera: 0.02310327 1.256459 -0.09704532 0.03585341 -0.005905322 -0.02591956 -0.9990035 100.6448
Camera: 0.02361456 1.256392 -0.09691598 0.03597256 -0.005057432 -0.02533293 -0.9990188 100.704
Camera: 0.02436018 1.25648 -0.09665765 0.03715028 -0.004122525 -0.02479253 -0.9989936 100.7501
Camera: 0.02432299 1.256702 -0.09649087 0.03781488 -0.002894004 -0.02413209 -0.9989892 100.7965
Camera: 0.02420366 1.25714 -0.09612657 0.04085663 -0.001677877 -0.02552859 -0.9988375 100.8871
Camera: 0.02407041 1.258091 -0.09557088 0.04606797 -0.0006673493 -0.02671129 -0.9985809 100.9275
Camera: 0.0238474 1.258716 -0.09551968 0.04874082 -0.0002652983 -0.02638692 -0.9984629 100.9719
Camera: 0.02336064 1.260203 -0.09552182 0.05579372 0.00158117 -0.02712681 -0.9980725 101.0086
Camera: 0.02323213 1.26086 -0.09543432 0.06020461 0.001533033 -0.02691626 -0.9978219 101.0531
Camera: 0.02341723 1.261774 -0.09562893 0.06427797 0.000398179 -0.02674545 -0.9975735 101.1116
Camera: 0.02340817 1.265022 -0.09639092 0.0805019 -0.001804783 -0.02755728 -0.9963718 101.1563
Camera: 0.02336261 1.267292 -0.09730704 0.09264334 -0.002606937 -0.03019029 -0.9952382 101.1955
Camera: 0.02275932 1.270313 -0.09952791 0.1055116 -0.004051126 -0.03126345 -0.9939182 101.2647
Camera: 0.02211791 1.271237 -0.1015021 0.1114271 -0.002674711 -0.0315424 -0.9932683 101.3092
Camera: 0.02177173 1.27176 -0.1019359 0.1135642 -0.002047354 -0.03099215 -0.993045 101.3507
Camera: 0.02143118 1.272169 -0.1027855 0.1161719 -0.001515546 -0.0307059 -0.9927532 101.3951
Camera: 0.02115643 1.272486 -0.1033455 0.1186012 -0.00204332 -0.0308642 -0.9924601 101.4315
Camera: 0.02140155 1.273741 -0.1046948 0.1259059 -0.005882054 -0.03160698 -0.9915211 101.4766
Camera: 0.02176243 1.274606 -0.1054085 0.1313334 -0.009148246 -0.03215737 -0.9907743 101.5368
Camera: 0.02167994 1.275687 -0.1073015 0.1367782 -0.01285914 -0.03322898 -0.9899607 101.5834
Camera: 0.02181166 1.276337 -0.1079214 0.1404517 -0.01540518 -0.03358584 -0.9893978 101.6223
Camera: 0.02218819 1.27671 -0.1084551 0.1443932 -0.01920697 -0.03423353 -0.9887415 101.667
Camera: 0.02335495 1.278266 -0.1100925 0.1504287 -0.02810971 -0.03689412 -0.9875323 101.7243
Camera: 0.02349651 1.278928 -0.1103459 0.1541457 -0.03194068 -0.03735821 -0.9868248 101.7705
Camera: 0.02369446 1.279513 -0.1110491 0.1584023 -0.03271507 -0.03691522 -0.9861419 101.8119
Camera: 0.02337804 1.280194 -0.1118391 0.162382 -0.03044176 -0.03588519 -0.9856052 101.8729
Camera: 0.02395821 1.281838 -0.1146708 0.1730523 -0.03425091 -0.03691154 -0.9836246 101.9342
Camera: 0.02432066 1.28214 -0.1155942 0.1748449 -0.03698114 -0.03717363 -0.9831988 101.9826
Camera: 0.02460563 1.282346 -0.1163926 0.1756872 -0.03957978 -0.03709337 -0.9829504 102.022
Camera: 0.02463099 1.28232 -0.1171514 0.1756669 -0.04029128 -0.03775529 -0.9829 102.0896
Camera: 0.02413744 1.281796 -0.1178287 0.1721914 -0.03548653 -0.03741843 -0.9837127 102.134
Camera: 0.02337402 1.281249 -0.1175469 0.1691606 -0.02880989 -0.03756757 -0.9844508 102.1757
Camera: 0.02335259 1.28102 -0.1175019 0.1680011 -0.02841654 -0.03737958 -0.984668 102.2193
Camera: 0.02327237 1.280587 -0.1175868 0.1654965 -0.02765678 -0.037345 -0.9851149 102.2557
Camera: 0.02309608 1.280287 -0.1173309 0.1638784 -0.02707607 -0.03654524 -0.9854315 102.2996
Camera: 0.02262419 1.279207 -0.116764 0.1593851 -0.02455704 -0.03659581 -0.9862323 102.358
Camera: 0.02226895 1.278569 -0.1163753 0.1551911 -0.02311472 -0.03742886 -0.9869046 102.4075
Camera: 0.0214982 1.275078 -0.1147047 0.1345628 -0.01849639 -0.03746126 -0.9900239 102.4462
Camera: 0.02160579 1.273456 -0.1131967 0.1247522 -0.02030364 -0.03880356 -0.991221 102.4955
Camera: 0.02353626 1.272083 -0.1101768 0.1191811 -0.03641421 -0.04814639 -0.9910358 102.5538
Camera: 0.02554956 1.27187 -0.1095907 0.1198461 -0.05293357 -0.05177306 -0.9900275 102.597
Camera: 0.03061783 1.273196 -0.110287 0.1262311 -0.08381496 -0.06038858 -0.9866073 102.6349
Camera: 0.03355718 1.27493 -0.1109637 0.1343042 -0.1021037 -0.06221668 -0.9837003 102.6987
Camera: 0.03885478 1.276127 -0.1132996 0.1405707 -0.1368659 -0.06883173 -0.9781461 102.7443
Camera: 0.04033679 1.276663 -0.1137377 0.1436042 -0.1431049 -0.06851934 -0.9768336 102.7877
Camera: 0.04127067 1.276519 -0.1142488 0.1425505 -0.1475909 -0.0677488 -0.9763741 102.8334
Camera: 0.04350364 1.276937 -0.115487 0.144644 -0.1601544 -0.07092568 -0.9738574 102.8909
Camera: 0.04409522 1.277147 -0.1159767 0.1466804 -0.1644115 -0.07313342 -0.9726794 102.9483
Camera: 0.0449003 1.276496 -0.1159276 0.1440806 -0.1687544 -0.0705993 -0.9725115 102.9925
Camera: 0.04466933 1.276026 -0.1159246 0.1418253 -0.168084 -0.07069828 -0.9729518 103.0283
Camera: 0.04449672 1.275955 -0.1156688 0.1393735 -0.1651753 -0.0724096 -0.9736781 103.0911
Camera: 0.04480737 1.276489 -0.1173538 0.1385692 -0.1718252 -0.0765465 -0.9723247 103.1286
Camera: 0.04531059 1.276885 -0.1184262 0.1413861 -0.1780809 -0.07892664 -0.9706017 103.1749
Camera: 0.04578751 1.277745 -0.1189365 0.1452391 -0.1838086 -0.08138201 -0.9687606 103.2158
Camera: 0.04604441 1.277378 -0.1191282 0.1451945 -0.1849821 -0.08183093 -0.968506 103.2795
Camera: 0.04655713 1.276654 -0.1188154 0.1450332 -0.1830276 -0.08001856 -0.9690528 103.3247
Camera: 0.04664904 1.276847 -0.1186794 0.1460527 -0.181134 -0.08005453 -0.9692525 103.3617
Camera: 0.04709762 1.277289 -0.1184308 0.1479617 -0.1816818 -0.07906065 -0.968942 103.4036
Camera: 0.04790986 1.27686 -0.1182683 0.14581 -0.1812186 -0.07850608 -0.9693999 103.4601
Camera: 0.04845297 1.276869 -0.1175271 0.1458802 -0.1829402 -0.0793024 -0.9690011 103.5131
Noticed 103.7098
Youtube 110.4759
Camera: 0.003710181 1.254773 -0.08090617 0.04090626 0.09652297 -0.01138944 -0.9944246 110.4759
Camera: 0.002129197 1.254411 -0.08075275 0.03992132 0.09696372 -0.01445779 -0.9943819 110.5185
Camera: 0.001298726 1.253991 -0.08087368 0.03878254 0.09737806 -0.01479079 -0.9943815 110.5687
Camera: -0.00023821 1.254018 -0.0812148 0.03770656 0.09853978 -0.01629711 -0.9942849 110.6142
Camera: -0.0008638203 1.254221 -0.08140726 0.03867051 0.09922399 -0.01773458 -0.9941552 110.6765
Camera: -0.0006401539 1.254847 -0.08100118 0.04094318 0.09542292 -0.0200197 -0.994393 110.7295
Camera: 0.008875191 1.255155 -0.08054186 0.04114315 0.03944336 -0.02687579 -0.9980126 110.7717
Camera: 0.01392305 1.255459 -0.08019497 0.03984331 0.01428522 -0.02917421 -0.9986778 110.8329
Camera: 0.02149028 1.255178 -0.08042516 0.03971457 -0.020296 -0.03083869 -0.9985288 110.8798
Camera: 0.02442884 1.255161 -0.08083858 0.03937979 -0.02913206 -0.03397613 -0.9982215 110.9231
Camera: 0.02688885 1.255474 -0.08121784 0.04007503 -0.03374505 -0.03467562 -0.9980246 110.9663
Camera: 0.03022856 1.256692 -0.08250077 0.04392246 -0.03761209 -0.03188042 -0.9978175 111.0097
Camera: 0.03156406 1.257079 -0.08281578 0.04667137 -0.036204 -0.03059565 -0.9977851 111.0662
Camera: 0.03193694 1.257757 -0.08377393 0.04866241 -0.02728848 -0.0253397 -0.9981208 111.1094
Camera: 0.03261697 1.25825 -0.08435227 0.05036114 -0.02735596 -0.02494345 -0.9980447 111.1755
Camera: 0.03355175 1.258508 -0.08477737 0.0515895 -0.02489857 -0.0261376 -0.9980158 111.2198
Camera: 0.03413975 1.258743 -0.08490194 0.05186196 -0.02497234 -0.02540984 -0.9980186 111.2574
Camera: 0.03469262 1.258474 -0.0854279 0.05187744 -0.02366406 -0.02421204 -0.9980794 111.3211
Camera: 0.03439468 1.258506 -0.08555712 0.05162039 -0.02084251 -0.02162861 -0.998215 111.3579
Camera: 0.03372282 1.258526 -0.08634992 0.05328303 -0.0166408 -0.02153725 -0.9982085 111.4018
Camera: 0.03140599 1.25959 -0.08706506 0.05774087 -0.002461119 -0.02051416 -0.9981178 111.441
Camera: 0.02979958 1.259845 -0.0875351 0.05923831 0.007332589 -0.01870313 -0.9980417 111.505
Camera: 0.02575785 1.261099 -0.08860685 0.06521293 0.03149627 -0.01771736 -0.9972168 111.5431
Camera: 0.02385107 1.261877 -0.08925928 0.06826048 0.0419349 -0.0157852 -0.9966608 111.5915
Camera: 0.02193999 1.262491 -0.09055682 0.0731082 0.05344231 -0.01689637 -0.9957478 111.6333
Camera: 0.02166837 1.26293 -0.09110035 0.07427242 0.05501406 -0.01799629 -0.9955567 111.7039
Camera: 0.02128834 1.263367 -0.09250744 0.07633355 0.05936522 -0.01517475 -0.9951978 111.7451
Camera: 0.02148932 1.263385 -0.09278955 0.07647278 0.05866534 -0.01547444 -0.9952241 111.7929
Camera: 0.02193445 1.263134 -0.09377028 0.07488228 0.05647656 -0.01663823 -0.9954528 111.8371
Camera: 0.02238882 1.263351 -0.0936829 0.07546873 0.05508174 -0.01617604 -0.9954943 111.8978
Camera: 0.02308798 1.262782 -0.09392752 0.07347617 0.05336835 -0.01622399 -0.9957358 111.9419
Camera: 0.02287823 1.26254 -0.09367134 0.07265113 0.05456868 -0.01581495 -0.9957379 111.9892
Camera: 0.02267891 1.26233 -0.093982 0.07055863 0.05806899 -0.01404204 -0.995717 112.0536
Camera: 0.02169067 1.261797 -0.09398754 0.06740201 0.06698375 -0.01285096 -0.9953919 112.1026
Camera: 0.02094328 1.261662 -0.09382744 0.06729428 0.07253235 -0.01211961 -0.9950194 112.1497
Camera: 0.01951319 1.261507 -0.09346946 0.06587853 0.08094397 -0.008431843 -0.9945034 112.2093
Camera: 0.01867759 1.261766 -0.09342547 0.06785083 0.08630545 -0.009443118 -0.9939107 112.2513
Noticed 112.4019
