CHI 12.13615
Camera: 0.05004731 1.226103 -0.3086489 0.1675904 -0.1714126 -0.04773865 -0.969666 12.13615
Camera: 0.04894751 1.225868 -0.3077497 0.1657447 -0.1647058 -0.04712658 -0.9711745 12.17968
Camera: 0.04826239 1.225371 -0.3073432 0.1621655 -0.1601202 -0.04667793 -0.9725662 12.23037
Camera: 0.04626459 1.223277 -0.305292 0.1480246 -0.1448066 -0.04596355 -0.9772447 12.28215
Camera: 0.0430423 1.220429 -0.3022037 0.1291022 -0.1189985 -0.04608246 -0.9833862 12.32318
Camera: 0.03842404 1.216774 -0.2985225 0.1053309 -0.08218589 -0.04367526 -0.9900724 12.37655
Camera: 0.03062069 1.209793 -0.2921302 0.07189885 -0.02766742 -0.03601649 -0.9963774 12.41885
Camera: 0.02705389 1.207387 -0.2890244 0.0593047 0.0003196259 -0.03606083 -0.9975883 12.4729
Camera: 0.0212459 1.204299 -0.2856019 0.03855644 0.03937461 -0.03345029 -0.9979199 12.51469
Camera: 0.0174129 1.204438 -0.284243 0.0377585 0.06381785 -0.03156252 -0.9967474 12.56754
Camera: 0.01121181 1.205163 -0.2824866 0.04283309 0.1018953 -0.02776257 -0.9934847 12.60962
Camera: 0.00824967 1.205228 -0.2825969 0.04354669 0.1206521 -0.0286305 -0.9913259 12.65939
Camera: 0.006588936 1.204875 -0.2827216 0.04367671 0.1293904 -0.03019752 -0.990171 12.71314
Camera: 0.005987585 1.205485 -0.2832929 0.04702352 0.1334811 -0.0373974 -0.9892285 12.75002
Camera: 0.005739987 1.205757 -0.2835231 0.04838882 0.1333992 -0.03719404 -0.9891814 12.79008
Camera: 0.005788982 1.206109 -0.2837541 0.05008655 0.1314983 -0.03728461 -0.989348 12.83576
Camera: 0.005602956 1.206547 -0.2842445 0.05461572 0.1317922 -0.04017069 -0.9889562 12.88279
Camera: 0.005327016 1.206747 -0.2847903 0.05480951 0.1351317 -0.03933796 -0.9885281 12.92387
Camera: 0.005883485 1.20718 -0.2856618 0.05634978 0.1312367 -0.03898039 -0.9889804 12.97272
Camera: 0.01103282 1.210542 -0.2862543 0.07008651 0.09604566 -0.043636 -0.9919471 13.02212
Camera: 0.01605636 1.214921 -0.2861937 0.08994468 0.05401599 -0.04565937 -0.9934322 13.06632
Camera: 0.0297133 1.224038 -0.2885091 0.1381727 -0.04093542 -0.05291455 -0.9881461 13.10859
Camera: 0.03644818 1.227111 -0.2914544 0.1562352 -0.08757646 -0.05517174 -0.9822815 13.16519
Camera: 0.04375595 1.230639 -0.2988614 0.1788598 -0.1457666 -0.05798063 -0.9712876 13.21577
Camera: 0.04514089 1.230546 -0.3020296 0.1818217 -0.1608352 -0.05916467 -0.9682833 13.25942
Camera: 0.04575101 1.231058 -0.3046988 0.185461 -0.1712296 -0.06260959 -0.9655904 13.3204
Camera: 0.04616979 1.231826 -0.3084949 0.1885469 -0.1845705 -0.06877784 -0.9621089 13.3613
Camera: 0.04562041 1.232323 -0.3092955 0.1915091 -0.1852249 -0.06883527 -0.9613937 13.41179
Camera: 0.04378569 1.233567 -0.3092021 0.1963111 -0.1826375 -0.06829455 -0.9609586 13.45249
Camera: 0.04305965 1.233705 -0.3092275 0.1972594 -0.1831205 -0.07095166 -0.9604799 13.49557
Camera: 0.04238743 1.233593 -0.309029 0.1967643 -0.1841694 -0.07313167 -0.9602173 13.54556
Camera: 0.04120839 1.233609 -0.3092735 0.1987376 -0.1846867 -0.07673452 -0.95943 13.58942
Camera: 0.0409286 1.233647 -0.3098685 0.1989516 -0.1866285 -0.07609283 -0.959061 13.63928
Camera: 0.04076189 1.233888 -0.3110645 0.2010467 -0.1914088 -0.07726901 -0.9575868 13.67942
Camera: 0.04092813 1.23395 -0.3120241 0.2026579 -0.1932927 -0.07721861 -0.9568725 13.73746
Camera: 0.04033536 1.233805 -0.3135103 0.2035335 -0.1943696 -0.07478069 -0.9566622 13.7771
Camera: 0.04018158 1.23407 -0.3141841 0.2048445 -0.194945 -0.07509373 -0.9562406 13.81755
Camera: 0.0399988 1.234125 -0.3145521 0.2063353 -0.1951329 -0.07490221 -0.9558967 13.85874
Camera: 0.03968498 1.234384 -0.3150488 0.2081183 -0.1950243 -0.07496604 -0.9555273 13.90742
Camera: 0.03948951 1.234608 -0.3155822 0.2086567 -0.1927863 -0.07641908 -0.9557489 13.94831
Camera: 0.03947723 1.234409 -0.3157761 0.2074173 -0.1910678 -0.07604147 -0.9563937 13.9916
Camera: 0.0395399 1.234426 -0.3154765 0.2074261 -0.1897665 -0.07504685 -0.9567294 14.03824
Camera: 0.03992522 1.23407 -0.3150352 0.2049647 -0.1880414 -0.07541326 -0.9575713 14.07788
Camera: 0.04038581 1.233332 -0.3146199 0.201889 -0.1878658 -0.07403184 -0.9583666 14.1216
Camera: 0.04094166 1.232078 -0.3141706 0.1955763 -0.1881285 -0.07196797 -0.9597803 14.16968
Camera: 0.04200214 1.229666 -0.3127276 0.1810846 -0.1880502 -0.06622776 -0.9630469 14.21609
Camera: 0.04246598 1.228554 -0.3117847 0.1760066 -0.1881882 -0.06438404 -0.9640859 14.25609
Camera: 0.04290974 1.227435 -0.3106303 0.1692661 -0.1881983 -0.06272768 -0.9653992 14.31346
Camera: 0.04359359 1.225822 -0.3085412 0.1533881 -0.1907441 -0.06065527 -0.9676827 14.36131
Camera: 0.04377154 1.224549 -0.3073524 0.1484975 -0.1918283 -0.06049442 -0.9682412 14.40397
Camera: 0.0449408 1.222669 -0.3054242 0.1376756 -0.1933844 -0.05969335 -0.9695796 14.46277
Camera: 0.04592589 1.221524 -0.3038816 0.1290635 -0.1949707 -0.05930416 -0.97047 14.50498
Camera: 0.0462732 1.221025 -0.3031497 0.1260679 -0.1949321 -0.05879452 -0.9709024 14.5498
Camera: 0.0468182 1.220951 -0.3024142 0.1258963 -0.1952435 -0.05758005 -0.9709349 14.60074
Camera: 0.04733825 1.221793 -0.3012347 0.1312968 -0.1947925 -0.05958182 -0.9701892 14.64145
Camera: 0.0477708 1.221521 -0.3010726 0.1279829 -0.1945671 -0.05816216 -0.9707632 14.69417
Camera: 0.04814729 1.220995 -0.3012429 0.1235392 -0.1951362 -0.05582678 -0.9713616 14.73382
Camera: 0.04801139 1.220773 -0.3010525 0.1236663 -0.1970198 -0.05654046 -0.9709238 14.79982
Camera: 0.04809868 1.21946 -0.3008926 0.1188866 -0.1996145 -0.05584997 -0.9710308 14.84008
Camera: 0.04789016 1.218938 -0.3008959 0.1129854 -0.2004378 -0.05555237 -0.9715827 14.8946
Camera: 0.04764402 1.218353 -0.3006223 0.1083082 -0.2016151 -0.05410305 -0.9719535 14.93549
Camera: 0.04759628 1.216932 -0.3001724 0.1044268 -0.2026482 -0.05619729 -0.9720446 14.98333
Camera: 0.04768252 1.216312 -0.2997969 0.1011139 -0.2030518 -0.05572321 -0.9723378 15.02317
Camera: 0.04795602 1.215892 -0.2995788 0.09774561 -0.203169 -0.05637442 -0.9726202 15.06645
Camera: 0.04850373 1.216051 -0.2988489 0.0965547 -0.2009828 -0.0565065 -0.9731856 15.11339
Camera: 0.04874495 1.216305 -0.2982374 0.09795002 -0.2007886 -0.05398915 -0.9732291 15.15341
Camera: 0.04890719 1.216453 -0.2976804 0.09889514 -0.1999193 -0.05371489 -0.9733277 15.19785
Camera: 0.04923514 1.216382 -0.2971377 0.0972067 -0.2001306 -0.05546436 -0.9733562 15.24452
Camera: 0.04957402 1.2161 -0.2969386 0.09592681 -0.2002723 -0.05626059 -0.9734084 15.28458
Camera: 0.0499211 1.215857 -0.2967582 0.09515259 -0.2005499 -0.05609149 -0.973437 15.32798
Camera: 0.04952875 1.215479 -0.2972946 0.09403095 -0.201251 -0.0550728 -0.9734594 15.37657
Camera: 0.04912257 1.215415 -0.2976548 0.09386722 -0.2011527 -0.05498059 -0.9735007 15.41696
Camera: 0.04845563 1.215342 -0.2980744 0.09406832 -0.2001491 -0.05482746 -0.9736968 15.45822
Camera: 0.04783148 1.215494 -0.2984344 0.09566806 -0.1991395 -0.05515726 -0.9737294 15.51501
Camera: 0.04705772 1.215656 -0.2991593 0.09583525 -0.1965213 -0.05605479 -0.9741935 15.55862
Camera: 0.04636878 1.215745 -0.2992174 0.09607371 -0.1936286 -0.05643906 -0.9747269 15.60335
Camera: 0.04491904 1.215791 -0.2986704 0.09584132 -0.184835 -0.05684674 -0.9764317 15.65859
Camera: 0.04400587 1.215695 -0.2981768 0.09401628 -0.1787477 -0.05725946 -0.9777175 15.70237
Camera: 0.04190785 1.213893 -0.2958137 0.08416102 -0.1579213 -0.05702868 -0.9822044 15.75561
Camera: 0.03496981 1.210351 -0.2906423 0.06394034 -0.09234092 -0.05134279 -0.9923451 15.80834
Camera: 0.03109154 1.207765 -0.2886462 0.0521205 -0.05582586 -0.04461477 -0.9960806 15.85185
Camera: 0.02772531 1.205793 -0.2870983 0.04216401 -0.02302465 -0.03989444 -0.9980484 15.90616
Camera: 0.0217362 1.203509 -0.2853858 0.03008759 0.03398211 -0.02861483 -0.9985595 15.95252
Camera: 0.01886004 1.202733 -0.2846975 0.02512047 0.06747523 -0.02387831 -0.9971188 16.00548
Camera: 0.01832163 1.202783 -0.2840526 0.02557781 0.07412242 -0.02238343 -0.9966698 16.04801
Camera: 0.01765651 1.203121 -0.2830867 0.02651869 0.08099099 -0.02384876 -0.9960766 16.1014
Camera: 0.01705009 1.202709 -0.2817487 0.02361087 0.08541241 -0.02887473 -0.9956473 16.14574
Camera: 0.01725423 1.202316 -0.2811313 0.02211392 0.08658694 -0.03209257 -0.9954817 16.19372
Camera: 0.01745182 1.201972 -0.2807242 0.0205647 0.08680467 -0.03207034 -0.9954966 16.23625
Camera: 0.01953241 1.202349 -0.2796007 0.02276745 0.07638189 -0.03526181 -0.9961948 16.28069
Camera: 0.02058929 1.202827 -0.2796507 0.02475955 0.07238138 -0.03798952 -0.9963457 16.32969
Camera: 0.02373689 1.204967 -0.2807965 0.03665353 0.05119906 -0.03625867 -0.9973568 16.37046
Camera: 0.02608353 1.208866 -0.2806889 0.0563244 0.0346905 -0.03420506 -0.9972233 16.41406
Camera: 0.03138399 1.215879 -0.2811699 0.09068122 -0.006789725 -0.03334082 -0.9952986 16.46074
Camera: 0.0385927 1.223586 -0.2828925 0.1307527 -0.06012437 -0.03946095 -0.9888031 16.49976
Camera: 0.04990315 1.236409 -0.2921563 0.2001538 -0.1436626 -0.05175259 -0.9677919 16.55203
Camera: 0.05289125 1.238588 -0.2987028 0.2191038 -0.1741564 -0.05312749 -0.9585617 16.59425
Camera: 0.05265287 1.237733 -0.3092858 0.227434 -0.193869 -0.05849149 -0.9525058 16.63629
Camera: 0.05149287 1.236969 -0.3128796 0.2268616 -0.1959059 -0.06050076 -0.9521 16.68564
Camera: 0.05007011 1.236368 -0.3151721 0.2239328 -0.1942843 -0.06116353 -0.9530828 16.72358
Camera: 0.04872638 1.235887 -0.3168443 0.2205944 -0.1907104 -0.06110587 -0.9545857 16.78839
Camera: 0.04615852 1.235534 -0.3179715 0.2184362 -0.1852928 -0.05991391 -0.9562231 16.82907
Camera: 0.04442313 1.235291 -0.3170465 0.2118508 -0.1850922 -0.06249058 -0.9575777 16.87806
Camera: 0.0451799 1.232456 -0.3157388 0.1943107 -0.1893596 -0.05656854 -0.9608259 16.9302
Camera: 0.04792908 1.222831 -0.3118554 0.1322465 -0.2027175 -0.03937639 -0.9694669 16.97181
Camera: 0.04835945 1.219693 -0.3102475 0.1149204 -0.2096364 -0.04248181 -0.9700728 17.02658
Camera: 0.04857117 1.217701 -0.3086356 0.1098229 -0.212935 -0.04800811 -0.969687 17.06631
Camera: 0.04963565 1.215406 -0.3058547 0.09759521 -0.2111215 -0.0492569 -0.9713273 17.1185
Camera: 0.05062765 1.214367 -0.3053703 0.09034999 -0.2113356 -0.04664017 -0.9721105 17.16105
Camera: 0.05189314 1.213534 -0.3043905 0.08333191 -0.2112742 -0.03713101 -0.97316 17.2153
Camera: 0.05227956 1.212981 -0.3035389 0.08004237 -0.2111449 -0.03262613 -0.9736255 17.25543
Camera: 0.05240646 1.212237 -0.3028173 0.07625534 -0.214146 -0.02944087 -0.9733755 17.30839
Camera: 0.05191648 1.211441 -0.3001419 0.0747707 -0.2167744 -0.03085539 -0.9728649 17.34632
Camera: 0.05161357 1.211368 -0.2986978 0.07147855 -0.2174916 -0.03291425 -0.9728848 17.38582
Camera: 0.05146053 1.211088 -0.2974604 0.06817772 -0.21622 -0.03545807 -0.9733157 17.42912
Camera: 0.05094776 1.210112 -0.2947783 0.06054363 -0.2106808 -0.03771637 -0.974949 17.47457
Camera: 0.05062145 1.209143 -0.2939945 0.05663297 -0.2081669 -0.03789713 -0.9757167 17.51668
Camera: 0.05032957 1.208311 -0.2940727 0.05372825 -0.2071633 -0.03758851 -0.9761065 17.56088
Camera: 0.04921567 1.207564 -0.2942709 0.05046041 -0.2026013 -0.03721626 -0.9772519 17.62184
Camera: 0.04835904 1.207385 -0.2944567 0.04866878 -0.198702 -0.03758118 -0.9781291 17.66989
Camera: 0.04573184 1.207252 -0.2932044 0.04701954 -0.1752657 -0.03852871 -0.9826427 17.71478
Camera: 0.0439471 1.207037 -0.2925034 0.04649609 -0.1583922 -0.03517526 -0.9856535 17.77815
Camera: 0.03625315 1.207025 -0.2894554 0.04426671 -0.0863484 -0.02766227 -0.9948967 17.83622
Camera: 0.03379333 1.207404 -0.2887676 0.04674661 -0.06490283 -0.02698562 -0.9964307 17.87954
Camera: 0.03211766 1.207718 -0.288617 0.04849142 -0.04966487 -0.0236648 -0.9973074 17.9247
Camera: 0.03088033 1.208201 -0.289128 0.0495254 -0.03859447 -0.02358812 -0.9977481 17.97935
Camera: 0.02770597 1.208428 -0.2891536 0.05302785 -0.01178341 -0.0165567 -0.9983863 18.02553
Camera: 0.02425423 1.210993 -0.2890443 0.0683537 0.0171814 -0.01750629 -0.9973596 18.08227
Camera: 0.02350974 1.212781 -0.289566 0.07732899 0.02265711 -0.01560372 -0.996626 18.12644
Camera: 0.02281544 1.215555 -0.2901978 0.09020431 0.03180572 -0.01831773 -0.9952468 18.18158
Camera: 0.02286404 1.217943 -0.2929183 0.1056356 0.03520858 -0.01988723 -0.9935824 18.22363
Camera: 0.02331662 1.217997 -0.2944224 0.1081571 0.03625688 -0.02077306 -0.9932553 18.27622
Camera: 0.02573401 1.218755 -0.2969421 0.1139392 0.02603301 -0.02211152 -0.9929004 18.31765
Camera: 0.02687043 1.218672 -0.2979038 0.1145673 0.02218389 -0.02340155 -0.992892 18.37064
Camera: 0.02719444 1.219325 -0.2993085 0.1172787 0.02415118 -0.02209284 -0.9925595 18.41131
Camera: 0.02730292 1.219758 -0.2996821 0.1194561 0.02409693 -0.02186534 -0.9923062 18.46301
Camera: 0.02680275 1.220615 -0.3000565 0.124791 0.02530864 -0.02315587 -0.9915899 18.50484
Camera: 0.02672276 1.221302 -0.3003221 0.1273882 0.02268831 -0.02285782 -0.9913299 18.55564
Camera: 0.0263027 1.221529 -0.3005258 0.1285055 0.02182778 -0.02331373 -0.9911944 18.59811
Camera: 0.02530098 1.222089 -0.3012451 0.1314128 0.01801904 -0.02340129 -0.9908877 18.64141
Camera: 0.02499932 1.2223 -0.3016154 0.1329324 0.01493139 -0.02610524 -0.9906688 18.68895
Camera: 0.02407467 1.222531 -0.3019758 0.1348355 0.0175663 -0.02884073 -0.9902924 18.7308
Camera: 0.02238891 1.222704 -0.3030346 0.1336243 0.02557093 -0.03019352 -0.9902419 18.77444
Camera: 0.02194285 1.223215 -0.3034127 0.1359071 0.02823224 -0.03143261 -0.9898203 18.83334
Camera: 0.02112806 1.224517 -0.3037903 0.1418434 0.03630434 -0.03680668 -0.9885382 18.87408
Camera: 0.01966178 1.224594 -0.3040041 0.1435695 0.04972656 -0.0350841 -0.9877673 18.92807
Camera: 0.01638886 1.224787 -0.3053789 0.1486627 0.07638654 -0.02521169 -0.9856109 18.97242
Camera: 0.01468939 1.22518 -0.3063102 0.1517913 0.09037949 -0.02451043 -0.9839666 19.01333
Camera: 0.01294464 1.225659 -0.3071694 0.1552469 0.1031648 -0.02279123 -0.9822097 19.05683
Camera: 0.01085377 1.226416 -0.3079199 0.1611936 0.120625 -0.01989147 -0.9793215 19.09724
Camera: 0.008050025 1.227 -0.3096832 0.166956 0.1462644 -0.01183112 -0.9749833 19.154
Camera: 0.006593227 1.227417 -0.3104595 0.170879 0.1608681 -0.007574422 -0.9720414 19.19592
Camera: 0.005437493 1.22752 -0.3109632 0.1739648 0.1750324 -0.003654467 -0.9690648 19.25317
Camera: 0.00513947 1.227538 -0.3110937 0.1748684 0.1808189 -0.001277359 -0.967845 19.29449
Camera: 0.005110472 1.22704 -0.3104104 0.1728458 0.1818805 0.0009280671 -0.9680098 19.33982
Noticed 19.49604
CHI 35.22695
Camera: -0.01200983 1.220413 -0.3067402 0.1431183 0.1621421 -0.05048143 -0.9750276 35.22695
Camera: -0.01321629 1.218938 -0.3041824 0.1325978 0.1645783 -0.05288771 -0.9759789 35.27842
Camera: -0.01373494 1.218582 -0.3030716 0.1285116 0.1668732 -0.05320537 -0.9761185 35.32325
Camera: -0.01498669 1.217991 -0.3011475 0.1251247 0.1726523 -0.05300534 -0.9755642 35.37807
Camera: -0.01510984 1.217993 -0.2997745 0.1227949 0.1735368 -0.05379852 -0.9756598 35.43377
Camera: -0.01489881 1.217595 -0.2994679 0.1217328 0.1750791 -0.05281913 -0.9755709 35.47377
Camera: -0.01469147 1.21722 -0.2992101 0.1202285 0.1759899 -0.05199869 -0.9756377 35.52783
Camera: -0.01258767 1.216905 -0.2981924 0.1170138 0.1647782 -0.04997915 -0.978089 35.56916
Camera: -0.00906527 1.216758 -0.2965798 0.1135565 0.1435224 -0.04838192 -0.9819193 35.61544
Camera: -0.003375113 1.216362 -0.2940699 0.1061868 0.1047803 -0.04522095 -0.9877756 35.66273
Camera: 0.01051497 1.214767 -0.2894665 0.09248985 0.01214636 -0.04539115 -0.9946043 35.70345
Camera: 0.0174315 1.214231 -0.2883561 0.08799414 -0.03034528 -0.04473514 -0.9946532 35.75846
Camera: 0.02632457 1.214356 -0.2874583 0.08608343 -0.08262693 -0.04271189 -0.9919366 35.79967
Camera: 0.02885097 1.213922 -0.2872822 0.08475114 -0.0961769 -0.04157498 -0.9908778 35.84108
Camera: 0.0312359 1.213883 -0.2871403 0.08204733 -0.1080008 -0.04547779 -0.989715 35.88589
Camera: 0.03236184 1.213569 -0.2869373 0.0789917 -0.1113232 -0.04694089 -0.9895272 35.93928
Camera: 0.03239346 1.212674 -0.2856934 0.07596219 -0.1053325 -0.04608059 -0.9904602 35.97961
Camera: 0.03089243 1.212398 -0.284641 0.0746031 -0.09042342 -0.04749718 -0.9919688 36.02374
Camera: 0.01851797 1.211243 -0.2811023 0.06950612 0.004992911 -0.03095999 -0.9970885 36.0713
Camera: 0.01068294 1.211874 -0.2799122 0.07331628 0.06130607 -0.02015697 -0.9952186 36.11152
Camera: -0.004003465 1.215336 -0.2806139 0.09606134 0.1604723 -0.003502796 -0.9823486 36.16135
Camera: -0.006767094 1.216311 -0.2827384 0.09874029 0.1860859 0.004275901 -0.9775501 36.20213
Camera: -0.006004095 1.217177 -0.2843144 0.1024659 0.1863145 0.001248253 -0.9771316 36.24781
Camera: -0.006187081 1.217609 -0.2853539 0.1059299 0.1944419 -0.004849416 -0.9751655 36.29458
Camera: -0.004285812 1.220964 -0.2861918 0.1226282 0.1859363 0.004532236 -0.974869 36.33649
Camera: -0.0025585 1.223103 -0.2866498 0.1321908 0.1787012 0.006078345 -0.9749639 36.39046
Camera: 0.0095222 1.220935 -0.2852413 0.1176517 0.1057057 0.002401533 -0.9874101 36.43456
Camera: 0.0192613 1.218422 -0.2831079 0.1043512 0.03822781 -0.006488725 -0.9937844 36.47535
Camera: 0.02802917 1.215875 -0.2826151 0.09220818 -0.01683564 -0.01458673 -0.9954906 36.53366
Camera: 0.04506359 1.212465 -0.2841829 0.07571707 -0.1210201 -0.0212055 -0.9895309 36.57893
Camera: 0.04885757 1.212574 -0.2860853 0.0757784 -0.1388448 -0.02432594 -0.987111 36.61955
Camera: 0.05349314 1.212726 -0.2880681 0.07282314 -0.1719834 -0.03246104 -0.981868 36.6625
Camera: 0.05463707 1.212102 -0.288456 0.06881434 -0.1791886 -0.03236489 -0.9808714 36.71614
Camera: 0.05500653 1.21169 -0.2887831 0.06569292 -0.1842856 -0.03377819 -0.980093 36.75616
Camera: 0.05412775 1.212001 -0.2877218 0.06824967 -0.1829903 -0.02749846 -0.9803573 36.80939
Camera: 0.053653 1.211783 -0.2872898 0.0672415 -0.181091 -0.02912913 -0.9807324 36.84528
Camera: 0.05312818 1.211442 -0.2869198 0.06432802 -0.1804198 -0.03147846 -0.980979 36.88406
Camera: 0.05283803 1.210623 -0.2864174 0.06188023 -0.181088 -0.03190934 -0.9809994 36.94167
Camera: 0.05323592 1.209923 -0.2866525 0.05870139 -0.1880786 -0.03099013 -0.9799083 36.98692
Noticed 37.08129
CHI 47.91391
Camera: 0.005175203 1.221932 -0.3048455 0.1448442 0.07178798 -0.04872151 -0.9856434 47.91391
Camera: 0.007655859 1.221175 -0.304003 0.1421191 0.06797905 -0.04539977 -0.9864684 47.9544
Camera: 0.008917004 1.220787 -0.3041469 0.1398321 0.06610741 -0.04563048 -0.9869117 48.01774
Camera: 0.01077247 1.220772 -0.3042178 0.1389531 0.06522628 -0.04373768 -0.9871801 48.06396
Camera: 0.01191762 1.221367 -0.3038619 0.1407963 0.06163993 -0.0421635 -0.9872179 48.12309
Camera: 0.01430789 1.222833 -0.3035615 0.147002 0.04881956 -0.0453033 -0.9868914 48.1671
Camera: 0.01517445 1.223731 -0.3039996 0.1515913 0.0432873 -0.04410858 -0.9865094 48.21342
Camera: 0.01651594 1.227759 -0.3048174 0.1741929 0.03006758 -0.04329823 -0.9832996 48.27206
Camera: 0.01738083 1.229485 -0.3057243 0.1838914 0.0207211 -0.04231132 -0.9818169 48.34495
Camera: 0.01789737 1.230192 -0.3085821 0.188073 0.01240141 -0.04222516 -0.9811686 48.38586
Camera: 0.01739764 1.230403 -0.3104483 0.1913248 0.01356399 -0.04261138 -0.9805076 48.42794
Camera: 0.01695454 1.230993 -0.3110132 0.1937767 0.01612638 -0.04183831 -0.9800205 48.48058
Camera: 0.01659375 1.231305 -0.3111863 0.1954136 0.01656904 -0.04104826 -0.9797214 48.52153
Camera: 0.01660818 1.23163 -0.3109738 0.1964156 0.01569709 -0.04353822 -0.9794279 48.57315
Camera: 0.01696926 1.231462 -0.310959 0.1962547 0.01295541 -0.04490776 -0.9794384 48.60943
Camera: 0.01731861 1.231351 -0.311011 0.1952794 0.01142519 -0.04461748 -0.9796657 48.64993
Camera: 0.01776183 1.231359 -0.3116015 0.1973891 0.009630966 -0.04506117 -0.9792417 48.69421
Camera: 0.01805276 1.231354 -0.3118798 0.1980761 0.009208319 -0.04440028 -0.9791372 48.74277
Camera: 0.01831156 1.23166 -0.3123369 0.1983381 0.009521636 -0.04270727 -0.9791565 48.78685
Camera: 0.01813495 1.231543 -0.3134825 0.2000199 0.01306465 -0.04215071 -0.9787976 48.84026
Camera: 0.01819831 1.231759 -0.3137202 0.2008188 0.01418829 -0.0422782 -0.9786128 48.88428
Camera: 0.01820797 1.231769 -0.314099 0.2010986 0.01282204 -0.04208845 -0.9785824 48.92407
Camera: 0.01813862 1.231643 -0.3139701 0.2004504 0.01382251 -0.04229156 -0.978693 48.97608
Camera: 0.01828992 1.231614 -0.3139069 0.2006361 0.01344181 -0.04225001 -0.9786621 49.01975
Camera: 0.01815826 1.231355 -0.3134769 0.1993448 0.01399717 -0.04305811 -0.9788829 49.05695
Camera: 0.01742524 1.231215 -0.3133391 0.1979271 0.01948341 -0.04313035 -0.9790736 49.11056
Camera: 0.01696542 1.231204 -0.3130977 0.1979369 0.02215326 -0.04192921 -0.979067 49.15263
Camera: 0.0168435 1.230997 -0.3126704 0.1960242 0.02281543 -0.04436497 -0.9793292 49.19165
Camera: 0.016929 1.23091 -0.3122975 0.1952682 0.02099218 -0.04371189 -0.9795504 49.24755
Camera: 0.01664925 1.23097 -0.3112028 0.1953152 0.01960637 -0.0433801 -0.9795845 49.29076
Camera: 0.01619431 1.230716 -0.3105052 0.193155 0.02162168 -0.04372567 -0.979955 49.33048
Camera: 0.01583993 1.230434 -0.3098694 0.1917918 0.02234087 -0.04343566 -0.9802194 49.38718
Camera: 0.01595277 1.228921 -0.3082256 0.1837569 0.02339452 -0.04702904 -0.9815673 49.43123
Camera: 0.01669773 1.227754 -0.3072978 0.1770476 0.02041111 -0.04528108 -0.9829482 49.49029
Camera: 0.01906213 1.225362 -0.3051721 0.163744 0.01149856 -0.04443478 -0.9854346 49.53249
Camera: 0.02037024 1.224888 -0.304126 0.1605201 0.006142116 -0.04408373 -0.9860286 49.58492
Camera: 0.02208835 1.223426 -0.3031418 0.154588 0.001786541 -0.04291629 -0.9870449 49.62702
Camera: 0.02308613 1.222849 -0.3029497 0.1501413 -0.0002179251 -0.04260476 -0.9877461 49.67939
Camera: 0.02398247 1.222749 -0.3027228 0.1468373 -0.003343986 -0.03981059 -0.9883536 49.72104
Camera: 0.02669793 1.221842 -0.3023046 0.1423558 -0.01462372 -0.03979385 -0.9889072 49.76891
Camera: 0.02896839 1.221216 -0.3020864 0.1382621 -0.02578463 -0.03999463 -0.9892519 49.81015
Camera: 0.03189802 1.220687 -0.3017306 0.1341244 -0.04090218 -0.04113098 -0.9892654 49.8526
Camera: 0.0371711 1.220402 -0.3012691 0.129815 -0.07153824 -0.03975262 -0.9881549 49.89872
Camera: 0.03878427 1.220822 -0.3010772 0.1321054 -0.08092133 -0.03899947 -0.987157 49.94006
Camera: 0.03936896 1.221432 -0.3009036 0.1359768 -0.08159596 -0.03986122 -0.9865412 49.98552
Camera: 0.04072672 1.224401 -0.3010469 0.1508524 -0.09062987 -0.03819233 -0.9836519 50.03864
Camera: 0.0404973 1.226758 -0.3018054 0.1647299 -0.08966602 -0.03958074 -0.9814568 50.08102
Camera: 0.03936076 1.229063 -0.3038886 0.1760412 -0.0891211 -0.04005564 -0.9795216 50.12478
Camera: 0.03870955 1.230028 -0.3047389 0.1805515 -0.08842881 -0.04176668 -0.9786915 50.1716
Camera: 0.03807908 1.230365 -0.3054511 0.1834095 -0.08848382 -0.0433946 -0.9780841 50.21362
Camera: 0.03709102 1.229742 -0.3057256 0.1816431 -0.08721641 -0.04486321 -0.9784613 50.25708
Camera: 0.03702909 1.229049 -0.3054886 0.1777162 -0.08647007 -0.04508518 -0.9792381 50.30396
Camera: 0.03717104 1.228618 -0.3053313 0.1748029 -0.08737603 -0.04537341 -0.9796687 50.34787
Camera: 0.03789902 1.227579 -0.3050806 0.1705713 -0.09071252 -0.04532384 -0.9801135 50.39815
Camera: 0.03834867 1.227591 -0.3051941 0.1702271 -0.09325641 -0.04436319 -0.9799786 50.44143
Camera: 0.03856874 1.227678 -0.3056362 0.1707527 -0.09370461 -0.04532223 -0.9798004 50.49416
Camera: 0.03866717 1.228083 -0.3063274 0.1738783 -0.09365296 -0.04351414 -0.9793376 50.53653
Camera: 0.03880107 1.228114 -0.3064404 0.1733875 -0.09298079 -0.0434374 -0.979492 50.57859
Camera: 0.04005179 1.227391 -0.3065038 0.1699515 -0.09922832 -0.03981393 -0.9796352 50.61664
Camera: 0.04539251 1.223802 -0.3064069 0.1502696 -0.1275212 -0.0369132 -0.9796912 50.67014
Camera: 0.04784015 1.222061 -0.3058406 0.1392264 -0.1391072 -0.03522566 -0.9798083 50.71154
Camera: 0.0496608 1.221255 -0.3047703 0.1355161 -0.1478221 -0.03420791 -0.9790883 50.75449
Camera: 0.05366322 1.218743 -0.3034896 0.1206166 -0.1663681 -0.02903922 -0.978228 50.80433
Camera: 0.05655828 1.217391 -0.3032465 0.1123772 -0.179986 -0.02745931 -0.9768431 50.84656
Noticed 51.07455
Youtube 62.89143
Camera: 0.04207432 1.224433 -0.305803 0.1525309 -0.08804738 -0.01262333 -0.9842879 62.89143
Camera: 0.03955844 1.227146 -0.3067409 0.1686247 -0.07377264 -0.01382769 -0.9828185 62.93294
Camera: 0.0349533 1.230289 -0.3103588 0.1874562 -0.05107984 -0.01560749 -0.9808198 62.98408
Camera: 0.03354973 1.230596 -0.3123851 0.1920113 -0.04861391 -0.01387649 -0.9800897 63.02475
Camera: 0.03217947 1.231051 -0.3141901 0.195942 -0.04495558 -0.01738237 -0.9794303 63.08316
Camera: 0.03033882 1.231369 -0.3169816 0.20102 -0.03876483 -0.02129093 -0.9785883 63.12637
Camera: 0.03015405 1.230578 -0.3179667 0.1972638 -0.04050775 -0.02177485 -0.9792712 63.16358
Camera: 0.02876598 1.230912 -0.3181614 0.1994751 -0.03168608 -0.02402188 -0.9790958 63.22041
Camera: 0.02573574 1.231922 -0.3181993 0.2049454 -0.00907802 -0.02511955 -0.9784089 63.26147
Camera: 0.02376801 1.232583 -0.3181689 0.2096465 0.002973047 -0.02675761 -0.9774066 63.31667
Camera: 0.01989824 1.232771 -0.3187405 0.2100059 0.02083518 -0.02511686 -0.9771553 63.36227
Camera: 0.01850933 1.233507 -0.3193833 0.2147816 0.02566031 -0.0279165 -0.9759258 63.42043
Camera: 0.015374 1.234852 -0.319908 0.2236129 0.03908506 -0.02926477 -0.9734543 63.46092
Camera: 0.01399282 1.235157 -0.3201816 0.2254173 0.04140583 -0.02837863 -0.9729683 63.5038
Camera: 0.01219887 1.235291 -0.3202446 0.2268806 0.04555901 -0.02826 -0.9724458 63.55439
Camera: 0.009831488 1.235606 -0.3207273 0.2301498 0.04437793 -0.03094896 -0.9716501 63.60303
Camera: 0.008680791 1.235498 -0.3210486 0.2306655 0.04292002 -0.0328643 -0.9715304 63.64367
Camera: 0.007223159 1.23523 -0.3219351 0.2299486 0.0357268 -0.03560862 -0.9718947 63.6958
Camera: 0.007483184 1.235354 -0.3225691 0.2299465 0.02847633 -0.04019669 -0.9719558 63.73633
Camera: 0.007873297 1.235418 -0.32294 0.2292976 0.01973087 -0.04026491 -0.972323 63.77671
Camera: 0.007478714 1.235396 -0.3233564 0.2307541 0.008131933 -0.04281403 -0.9720357 63.81363
Camera: 0.007080525 1.235271 -0.323506 0.2299497 0.005221175 -0.0481553 -0.9719964 63.86662
Camera: 0.005980194 1.235146 -0.3234152 0.2298676 0.009932269 -0.04998665 -0.9718866 63.90733
Camera: 0.006218553 1.234751 -0.3238676 0.2293801 0.01038958 -0.05274354 -0.9718513 63.94619
Camera: 0.006922454 1.23493 -0.3242977 0.2306032 0.009004558 -0.05079512 -0.9716794 63.99881
Camera: 0.008037925 1.235353 -0.3251374 0.2309266 0.005931523 -0.05214313 -0.9715549 64.03973
Camera: 0.009477019 1.236168 -0.3261065 0.2378462 0.007625986 -0.0523327 -0.969862 64.08035
Camera: 0.01006657 1.235849 -0.3265116 0.2390151 0.009609816 -0.04979952 -0.9696904 64.13515
Camera: 0.01107156 1.236019 -0.3270016 0.241445 0.01074298 -0.04849899 -0.9691423 64.1776
Camera: 0.01304442 1.236094 -0.3278365 0.2425644 0.01119802 -0.04646478 -0.9689573 64.21924
Camera: 0.01417553 1.236856 -0.3281442 0.2459612 0.01180171 -0.04671253 -0.9680815 64.27643
Camera: 0.01461601 1.237765 -0.3282514 0.2488873 0.01900877 -0.03792089 -0.9676031 64.31776
Camera: 0.01453853 1.237807 -0.3283186 0.2502509 0.01907157 -0.03737538 -0.9672714 64.36899
Camera: 0.01459748 1.237719 -0.3284583 0.2506995 0.01951377 -0.03819203 -0.9671144 64.42268
Camera: 0.0136866 1.237807 -0.3283259 0.2509033 0.01974694 -0.0362574 -0.9671314 64.46527
Camera: 0.01341039 1.23772 -0.3283505 0.2506191 0.01834624 -0.03803934 -0.9671642 64.52332
Camera: 0.01298338 1.237192 -0.328105 0.2468586 0.01424589 -0.03828652 -0.9681901 64.57137
Camera: 0.01243848 1.236823 -0.3278471 0.2455272 0.0116089 -0.0392306 -0.968526 64.63586
Camera: 0.01181898 1.236705 -0.3273691 0.243755 0.009600642 -0.04155118 -0.9688988 64.67675
Camera: 0.01260099 1.236717 -0.3266722 0.2440893 0.001438031 -0.04459357 -0.9687259 64.7298
Camera: 0.01294553 1.236975 -0.3261507 0.2454201 0.001570119 -0.04652886 -0.9682983 64.77334
Camera: 0.01421171 1.23722 -0.325796 0.2447623 -0.00184235 -0.04686102 -0.9684483 64.82689
Camera: 0.01479128 1.237662 -0.3254808 0.2469637 -0.004859318 -0.04941935 -0.9677516 64.87231
Camera: 0.01496559 1.237434 -0.3251702 0.2471622 -0.005221233 -0.04986378 -0.9676762 64.92258
Camera: 0.01558006 1.237186 -0.3247864 0.2462824 -0.005187445 -0.04947194 -0.9679208 64.96783
Camera: 0.01582998 1.23715 -0.3245556 0.2461541 -0.005451068 -0.04964739 -0.967943 65.01383
Camera: 0.01618075 1.236988 -0.3240099 0.2446876 -0.008805109 -0.04852688 -0.9683468 65.05367
Noticed 65.18642
