Twitter 24.08405
Camera: -0.1248526 1.338622 -0.2040742 0.1066304 0.08888963 -0.02196955 -0.9900737 24.08405
Camera: -0.1247118 1.33941 -0.2051022 0.1093554 0.08858337 -0.02255297 -0.9897907 24.14222
Camera: -0.1248734 1.339646 -0.2055655 0.1113239 0.08770097 -0.02167275 -0.9896696 24.18399
Camera: -0.1246788 1.340119 -0.2064657 0.1144984 0.08685714 -0.02218053 -0.9893705 24.23879
Camera: -0.1249162 1.340537 -0.2069456 0.1171432 0.08640663 -0.02229759 -0.9890977 24.29128
Camera: -0.1251071 1.341357 -0.207699 0.1215469 0.0858786 -0.02379442 -0.9885772 24.34378
Camera: -0.1252831 1.341762 -0.2083633 0.1232178 0.08556551 -0.02466422 -0.9883763 24.3856
Camera: -0.1259586 1.341789 -0.2090483 0.1242588 0.08686031 -0.0252491 -0.9881182 24.43654
Camera: -0.1262282 1.341761 -0.2095274 0.1244439 0.08742703 -0.02494619 -0.9880526 24.47986
Camera: -0.1264134 1.341717 -0.2097139 0.1245329 0.08787394 -0.02459846 -0.9880105 24.52368
Camera: -0.1263711 1.34196 -0.2097755 0.1255652 0.08697847 -0.02522583 -0.9879432 24.57303
Camera: -0.1261756 1.341975 -0.209856 0.126327 0.08642677 -0.0256624 -0.9878833 24.61455
Camera: -0.1262983 1.341822 -0.2098303 0.1259181 0.08584876 -0.02595614 -0.9879782 24.66168
Camera: -0.126232 1.341968 -0.2097148 0.1264759 0.08580315 -0.02558063 -0.9879207 24.70939
Camera: -0.1260174 1.342099 -0.20967 0.1269279 0.08586453 -0.0261534 -0.9878424 24.74815
Camera: -0.1257302 1.342148 -0.2098313 0.1261673 0.08507441 -0.02474516 -0.9880444 24.80553
Camera: -0.125269 1.342211 -0.2095757 0.1260361 0.08424682 -0.02500145 -0.9881257 24.853
Camera: -0.1250418 1.342039 -0.2101386 0.1265407 0.083013 -0.02465387 -0.9881743 24.89653
Camera: -0.1248708 1.342087 -0.2104415 0.1269537 0.08261573 -0.02482582 -0.9881504 24.95235
Camera: -0.1245255 1.34245 -0.2103545 0.127176 0.08219039 -0.0245702 -0.9881637 24.99352
Camera: -0.1244147 1.342284 -0.2106943 0.1271909 0.08180875 -0.02479318 -0.9881878 25.04762
Camera: -0.1242646 1.342176 -0.2109875 0.1276972 0.08138876 -0.02557209 -0.9881373 25.08966
Camera: -0.1242542 1.342227 -0.2111818 0.1273574 0.08095676 -0.02516853 -0.9882271 25.14791
Camera: -0.1235819 1.34225 -0.2110176 0.1270674 0.07937118 -0.02407543 -0.9884202 25.19139
Camera: -0.1234533 1.342277 -0.2109227 0.1272876 0.07832283 -0.02370595 -0.9884844 25.24891
Camera: -0.1222715 1.342143 -0.2103533 0.1250584 0.07079279 -0.02306286 -0.9893517 25.29279
Camera: -0.1214938 1.341903 -0.2099374 0.1238133 0.06331912 -0.02451644 -0.9899797 25.34783
Camera: -0.1183067 1.341176 -0.2087897 0.1191628 0.04350654 -0.02826091 -0.9915184 25.38981
Camera: -0.1166984 1.34104 -0.2080729 0.1162739 0.03420471 -0.02836104 -0.9922228 25.44307
Camera: -0.1154221 1.340638 -0.2074585 0.1141641 0.02728869 -0.0292977 -0.9926548 25.4843
Camera: -0.1127544 1.339956 -0.2064706 0.113383 0.02211733 -0.0297482 -0.9928596 25.53831
Camera: -0.1119261 1.339303 -0.2059673 0.1115159 0.02021224 -0.02862822 -0.9931446 25.58094
Camera: -0.1101977 1.338445 -0.2050086 0.1061309 0.01692661 -0.02691137 -0.9938438 25.6313
Camera: -0.1044386 1.334325 -0.2040292 0.085458 -0.0152354 -0.02231526 -0.9959753 25.67272
Camera: -0.09988603 1.332138 -0.2035189 0.07534618 -0.04080229 -0.02070765 -0.9961071 25.71698
Camera: -0.09127429 1.330511 -0.2019234 0.06518097 -0.08838029 -0.01945108 -0.9937616 25.76387
Camera: -0.08773017 1.330317 -0.2010023 0.06244484 -0.1065806 -0.01740356 -0.9921887 25.80331
Camera: -0.08547485 1.330214 -0.2000837 0.06140294 -0.1191704 -0.01681945 -0.9908306 25.847
Camera: -0.08373964 1.329352 -0.1994198 0.05880272 -0.1289415 -0.01429413 -0.989804 25.89415
Camera: -0.08131248 1.328227 -0.1977303 0.05449596 -0.1396829 -0.01621141 -0.9885626 25.9465
Camera: -0.0833528 1.327303 -0.1946877 0.04787493 -0.1425904 -0.01747133 -0.9884689 25.99167
Camera: -0.08336857 1.327443 -0.1938986 0.04526944 -0.1443318 -0.01791476 -0.988331 26.03628
Camera: -0.08298755 1.32673 -0.1941127 0.04328895 -0.1450352 -0.01773519 -0.98832 26.07515
Camera: -0.08304909 1.326508 -0.1936102 0.04121055 -0.1454936 -0.01679582 -0.9883578 26.12001
Camera: -0.08234346 1.326856 -0.1934971 0.04232157 -0.1488042 -0.01439512 -0.9878558 26.16919
Camera: -0.08183205 1.326639 -0.1939843 0.04255527 -0.150191 -0.01394181 -0.9876423 26.20925
Camera: -0.0814029 1.326368 -0.1945754 0.04237452 -0.1515866 -0.01349708 -0.987443 26.26106
Camera: -0.08120868 1.326513 -0.1956609 0.04435103 -0.1520453 -0.01272078 -0.987296 26.30266
Camera: -0.08073601 1.326377 -0.195727 0.04504348 -0.1512086 -0.01276359 -0.9873926 26.36195
Camera: -0.08077085 1.325986 -0.1966503 0.04645466 -0.1486433 -0.01329291 -0.9877097 26.40331
Camera: -0.08076924 1.326256 -0.196875 0.04681677 -0.1480865 -0.01328409 -0.9877763 26.4624
Camera: -0.08081803 1.326811 -0.1968758 0.04952389 -0.1471901 -0.01343976 -0.9877762 26.50314
Camera: -0.08092386 1.327462 -0.196622 0.05287723 -0.1454741 -0.0139161 -0.98785 26.55754
Camera: -0.08312497 1.330025 -0.1953706 0.06529012 -0.134961 -0.01494113 -0.9885846 26.60076
Camera: -0.08413497 1.331319 -0.195254 0.07193111 -0.1287513 -0.01557458 -0.9889421 26.65056
Camera: -0.08656907 1.335305 -0.1951004 0.08545339 -0.1155962 -0.01696092 -0.9894683 26.6911
Camera: -0.08794048 1.337705 -0.1951285 0.09531381 -0.1063544 -0.01651054 -0.9896117 26.7464
Camera: -0.08948573 1.339236 -0.1956536 0.1029485 -0.09581126 -0.01609251 -0.9899308 26.78125
Camera: -0.09191656 1.340644 -0.1983851 0.1122503 -0.07827857 -0.01443715 -0.9904867 26.82145
Camera: -0.09316748 1.341397 -0.199924 0.1162292 -0.07060076 -0.0141939 -0.9906083 26.86465
Camera: -0.09454271 1.341885 -0.2009582 0.11979 -0.0633438 -0.01484471 -0.9906652 26.9105
Camera: -0.09575111 1.342427 -0.2024217 0.1236512 -0.05724797 -0.01473512 -0.9905635 26.95917
Camera: -0.09778431 1.343631 -0.2043145 0.1320619 -0.04664122 -0.01471693 -0.9900342 27.00043
Camera: -0.09866962 1.344026 -0.204791 0.1352325 -0.04183186 -0.01474845 -0.9898206 27.04333
Camera: -0.09991425 1.344675 -0.2056226 0.1380979 -0.0376949 -0.01384057 -0.9896043 27.08905
Camera: -0.1017899 1.345925 -0.2072054 0.145795 -0.03133687 -0.01320459 -0.9887303 27.14313
Camera: -0.102477 1.34641 -0.2078163 0.148131 -0.02875683 -0.01368942 -0.9884548 27.18947
Camera: -0.103631 1.346855 -0.2089816 0.1515626 -0.02575117 -0.01526801 -0.9879943 27.23256
Camera: -0.1040365 1.347034 -0.2095646 0.1524553 -0.02455859 -0.01573949 -0.9878798 27.28103
Camera: -0.1046732 1.34742 -0.2104517 0.1538867 -0.02202397 -0.01844656 -0.9876708 27.33152
Camera: -0.1050114 1.3476 -0.2108054 0.1554232 -0.02102201 -0.01844536 -0.987452 27.37214
Camera: -0.105175 1.347617 -0.2112554 0.1566542 -0.01981213 -0.01906181 -0.9872708 27.42708
Camera: -0.1053732 1.347999 -0.211879 0.1589826 -0.01754056 -0.01773337 -0.9869663 27.46797
Camera: -0.1054325 1.348213 -0.2123444 0.159844 -0.01688333 -0.01699988 -0.9868515 27.52773
Camera: -0.105561 1.348823 -0.213007 0.1625727 -0.01525205 -0.01591479 -0.9864503 27.56816
Camera: -0.1055759 1.348964 -0.2134204 0.1638533 -0.01457685 -0.0152624 -0.9862589 27.61305
Camera: -0.1057586 1.3489 -0.2142749 0.1649235 -0.01300173 -0.01534794 -0.9861013 27.65881
Camera: -0.1059039 1.349204 -0.214553 0.1659355 -0.01193772 -0.01571524 -0.9859391 27.7097
Camera: -0.1061842 1.349365 -0.2147841 0.1670805 -0.01019785 -0.01661627 -0.9857505 27.75006
Camera: -0.1068506 1.349695 -0.2153168 0.1694042 -0.00732771 -0.01649978 -0.9853813 27.80279
Camera: -0.1068458 1.349932 -0.2155129 0.1712617 -0.006463381 -0.01624384 -0.9850705 27.84361
Camera: -0.1068969 1.349913 -0.2158931 0.1711569 -0.006412635 -0.01649266 -0.9850849 27.89678
Camera: -0.1068254 1.350264 -0.2165254 0.1740109 -0.006641559 -0.01846907 -0.9845482 27.93308
Noticed 28.16714
CHI 62.94633
Camera: -0.1046188 1.348954 -0.2105041 0.1616523 -0.09037235 -0.03712365 -0.9819996 62.94633
Camera: -0.1020397 1.3483 -0.2100712 0.1569939 -0.1047583 -0.03956284 -0.9812306 62.99894
Camera: -0.09711605 1.346968 -0.2093021 0.1498128 -0.1304015 -0.03870805 -0.9793127 63.03906
Camera: -0.09460083 1.345809 -0.2093372 0.1429664 -0.1440232 -0.0381714 -0.9784482 63.08432
Camera: -0.09193769 1.344824 -0.2089646 0.1368521 -0.1561188 -0.03656964 -0.9775281 63.14299
Camera: -0.08684441 1.341593 -0.2088126 0.1205108 -0.1794262 -0.03193876 -0.9758399 63.18635
Camera: -0.084185 1.340048 -0.2087066 0.1130348 -0.1909533 -0.02972672 -0.974616 63.22438
Camera: -0.08177772 1.339206 -0.2084527 0.1089993 -0.1998536 -0.02862671 -0.9733233 63.28371
Camera: -0.07680491 1.336741 -0.2079093 0.09816373 -0.219046 -0.02236459 -0.9705064 63.32696
Camera: -0.07432219 1.336078 -0.2077755 0.09336717 -0.2285553 -0.02041022 -0.9688284 63.36507
Camera: -0.0698348 1.334214 -0.207405 0.08403125 -0.2420797 -0.01671411 -0.9664662 63.41872
Camera: -0.06832328 1.332959 -0.207283 0.07813626 -0.2466165 -0.01503531 -0.9658411 63.46084
Camera: -0.06710193 1.332092 -0.2070963 0.07455692 -0.2498862 -0.01469726 -0.9652886 63.51418
Camera: -0.06563863 1.331415 -0.2066303 0.07143771 -0.253716 -0.01551479 -0.9645124 63.55593
Camera: -0.06497839 1.331272 -0.2064082 0.07069352 -0.2540607 -0.01627081 -0.9644641 63.62107
Camera: -0.0648208 1.330975 -0.2062027 0.06933285 -0.2535003 -0.0171502 -0.964695 63.66148
Camera: -0.06509003 1.331157 -0.2060549 0.07016128 -0.2521964 -0.01650567 -0.9649881 63.70085
Camera: -0.06540433 1.331155 -0.205764 0.07148729 -0.2520081 -0.01499459 -0.9649646 63.7557
Camera: -0.06575224 1.331295 -0.2063362 0.07196259 -0.2524359 -0.01506858 -0.9648163 63.79692
Camera: -0.06604949 1.331527 -0.2063224 0.07226503 -0.2528765 -0.01603665 -0.9646627 63.84794
Camera: -0.0665206 1.331145 -0.2065196 0.07109282 -0.2538054 -0.01825227 -0.9644664 63.8873
Camera: -0.06665936 1.331079 -0.2066982 0.07138826 -0.2538355 -0.01907994 -0.9644207 63.94059
Camera: -0.06690076 1.331372 -0.2065652 0.07315683 -0.2536264 -0.02132758 -0.9642961 63.97452
Camera: -0.06705105 1.331659 -0.2067731 0.07382878 -0.2534289 -0.02174764 -0.9642874 64.01242
Camera: -0.06712916 1.33171 -0.2065076 0.07391564 -0.252975 -0.02166026 -0.9644018 64.05556
Camera: -0.06721339 1.331883 -0.2064322 0.07480312 -0.2524526 -0.02229683 -0.9644559 64.10152
Camera: -0.06722161 1.332099 -0.2062106 0.07596999 -0.2517519 -0.02310487 -0.9645287 64.1414
Camera: -0.06729117 1.33227 -0.2060028 0.0761056 -0.2509342 -0.02413019 -0.9647061 64.18269
Camera: -0.06726155 1.332176 -0.2058216 0.07565524 -0.2499507 -0.02478241 -0.9649802 64.22764
Camera: -0.06739655 1.332217 -0.2056641 0.07572559 -0.2491723 -0.02446147 -0.9651842 64.26835
Camera: -0.06743982 1.332222 -0.2051356 0.07679728 -0.2482808 -0.02582856 -0.9652936 64.32412
Camera: -0.0675123 1.332404 -0.2050404 0.07725038 -0.2478954 -0.02586266 -0.9653556 64.36634
Camera: -0.0676882 1.332827 -0.2050144 0.07831412 -0.2473667 -0.02636157 -0.965392 64.40617
Camera: -0.06780919 1.332848 -0.2051442 0.079279 -0.2473164 -0.02632595 -0.9653271 64.46072
Camera: -0.06809792 1.333109 -0.2053074 0.08010724 -0.2473017 -0.02676738 -0.9652504 64.50088
Noticed 64.70408
Twitter 95.83406
Camera: -0.1230812 1.328795 -0.2035136 0.07538697 0.126437 -0.01894504 -0.9889244 95.83406
Camera: -0.122863 1.328884 -0.2036413 0.07670128 0.1252592 -0.01973134 -0.9889579 95.87812
Camera: -0.122665 1.329388 -0.20324 0.07810895 0.1245674 -0.01941008 -0.9889415 95.92248
Camera: -0.1224529 1.330135 -0.203353 0.08339458 0.1211522 -0.02137977 -0.9888935 95.97601
Camera: -0.1215892 1.331131 -0.2030742 0.08786287 0.1166679 -0.02295583 -0.9890106 96.01449
Camera: -0.118948 1.333441 -0.2023626 0.09785499 0.09796162 -0.02665573 -0.9900088 96.06487
Camera: -0.1170348 1.334675 -0.2023519 0.1053391 0.08285448 -0.03036047 -0.9905135 96.11588
Camera: -0.1134669 1.337841 -0.2024931 0.1204126 0.05778253 -0.03591584 -0.9903899 96.17951
Camera: -0.1119422 1.338957 -0.2026345 0.1267229 0.04773104 -0.03678113 -0.9901062 96.22279
Camera: -0.1100787 1.341402 -0.2036123 0.1377738 0.03677659 -0.03786882 -0.9890561 96.2753
Camera: -0.1095419 1.342584 -0.2042934 0.143968 0.03432648 -0.03820247 -0.9882487 96.31594
Camera: -0.1092476 1.343249 -0.2045657 0.1479906 0.03398822 -0.03815875 -0.9876677 96.35861
Camera: -0.1092295 1.344516 -0.2055535 0.1548557 0.03491452 -0.03799849 -0.9865885 96.40531
Camera: -0.109165 1.344748 -0.2060033 0.1565185 0.03628802 -0.03750514 -0.9862953 96.44765
Camera: -0.1091295 1.344913 -0.2062786 0.1579641 0.03749836 -0.03705813 -0.9860365 96.50224
Camera: -0.1091846 1.345295 -0.2072697 0.1599749 0.04132473 -0.03818252 -0.9855163 96.54243
Camera: -0.1093809 1.345723 -0.2075504 0.1621359 0.04235786 -0.03826625 -0.985116 96.58705
Camera: -0.109291 1.346278 -0.2081246 0.1656951 0.04227721 -0.03759887 -0.9845527 96.62443
Camera: -0.109205 1.346488 -0.2084129 0.1673506 0.04149239 -0.03732171 -0.9843166 96.67633
Camera: -0.1091658 1.346434 -0.20861 0.1669241 0.04074058 -0.03751865 -0.984413 96.71751
Camera: -0.1088713 1.346868 -0.2091773 0.1674747 0.03985224 -0.03707535 -0.9843727 96.76135
Camera: -0.1089437 1.347258 -0.2096927 0.1686562 0.04011711 -0.03680392 -0.9841703 96.80846
Camera: -0.1091119 1.34752 -0.2101573 0.1695553 0.04098944 -0.0358976 -0.9840133 96.84911
Camera: -0.1095488 1.347931 -0.2109726 0.1706759 0.04432707 -0.03480386 -0.9837142 96.89314
Camera: -0.1097742 1.34752 -0.2112851 0.168619 0.04675713 -0.03482284 -0.9839557 96.94189
Camera: -0.1103835 1.347131 -0.2116739 0.1660765 0.05041302 -0.03465836 -0.9842134 96.985
Camera: -0.1119253 1.345389 -0.2127238 0.1578516 0.06375407 -0.03419451 -0.9848092 97.03991
Camera: -0.1128536 1.344817 -0.2130397 0.1547185 0.07120988 -0.03123069 -0.9848939 97.08418
Camera: -0.1145264 1.343484 -0.2137533 0.1490681 0.0854542 -0.02350417 -0.9848471 97.12214
Camera: -0.1153531 1.343264 -0.2141761 0.1489988 0.09448785 -0.01942366 -0.984121 97.18789
Camera: -0.116312 1.341595 -0.2144901 0.1401934 0.1080406 -0.017058 -0.984064 97.23106
Camera: -0.1167964 1.340949 -0.2146015 0.1376487 0.113211 -0.01412094 -0.9838886 97.27467
Camera: -0.1172016 1.340014 -0.214744 0.1322232 0.1176784 -0.01351361 -0.984117 97.32192
Camera: -0.1179021 1.33983 -0.2143608 0.1306893 0.1240035 -0.01109541 -0.9835753 97.37591
Camera: -0.1179944 1.339843 -0.2141802 0.1313502 0.1248583 -0.01138916 -0.9833757 97.4187
Camera: -0.1175546 1.339852 -0.2133646 0.1304722 0.121865 -0.01192902 -0.9838616 97.47219
Camera: -0.1173406 1.339877 -0.2130021 0.1302378 0.1187951 -0.01229067 -0.9842636 97.51435
Camera: -0.116973 1.339611 -0.2126544 0.1297589 0.1160106 -0.01278396 -0.9846526 97.5631
Camera: -0.1167815 1.340044 -0.2118623 0.1303769 0.1115549 -0.01274862 -0.9850862 97.60502
Camera: -0.1167573 1.339711 -0.2117898 0.1289833 0.1104283 -0.01378228 -0.9853827 97.65318
Camera: -0.1171939 1.339246 -0.2113983 0.1267359 0.1101793 -0.01497685 -0.9856847 97.70599
Camera: -0.1174094 1.338915 -0.2112975 0.1254908 0.1106485 -0.01657128 -0.9857659 97.74693
Camera: -0.1175214 1.339088 -0.210917 0.1247617 0.1119155 -0.01766565 -0.9856964 97.79669
Camera: -0.117711 1.339103 -0.2109259 0.1247672 0.112149 -0.01717255 -0.9856778 97.84759
Camera: -0.1177448 1.339139 -0.210801 0.1242741 0.1121044 -0.01735279 -0.9857421 97.88915
Camera: -0.1180505 1.338657 -0.2108691 0.1235667 0.1122236 -0.01802346 -0.9858054 97.94227
Camera: -0.118095 1.338524 -0.2107476 0.123304 0.1123111 -0.01796488 -0.9858294 97.98154
Camera: -0.1180075 1.338509 -0.2107248 0.1233112 0.1121398 -0.0178897 -0.9858494 98.02229
Camera: -0.117687 1.338791 -0.2105485 0.1232544 0.1097746 -0.01703375 -0.9861378 98.06644
Camera: -0.1172236 1.338929 -0.2105431 0.1235094 0.1061209 -0.01765051 -0.986495 98.11643
Camera: -0.1154489 1.339557 -0.2098118 0.1266492 0.09262841 -0.02025 -0.9874057 98.16146
Camera: -0.1140491 1.339977 -0.2095143 0.128291 0.08250763 -0.02202832 -0.988053 98.21471
Camera: -0.1110612 1.341066 -0.2089494 0.1336026 0.05942403 -0.02660741 -0.9888939 98.25658
Camera: -0.1096597 1.341566 -0.2089535 0.136346 0.04757492 -0.02861958 -0.9891043 98.30105
Camera: -0.1080803 1.341959 -0.2089275 0.138112 0.03594751 -0.03025383 -0.9893016 98.34752
Camera: -0.1066695 1.342117 -0.208795 0.1386502 0.02450047 -0.031662 -0.989532 98.38696
Camera: -0.1037284 1.341983 -0.2087844 0.1382883 0.004174186 -0.03521756 -0.9897569 98.4408
Camera: -0.1021606 1.341948 -0.2088176 0.1385988 -0.004901502 -0.03564402 -0.9896948 98.4812
Camera: -0.09879142 1.341249 -0.2088697 0.1351793 -0.02438276 -0.03796879 -0.9897931 98.52587
Camera: -0.09692603 1.341259 -0.2087433 0.1356769 -0.03355275 -0.04015592 -0.9893703 98.56248
Camera: -0.09514534 1.341191 -0.2087069 0.1349678 -0.04247606 -0.04090157 -0.9890938 98.61628
Camera: -0.09230152 1.341885 -0.2082108 0.1366676 -0.05600227 -0.04253833 -0.9881175 98.6563
Camera: -0.09117383 1.342145 -0.2080452 0.1381949 -0.05996696 -0.04124779 -0.9877271 98.69619
Camera: -0.09034577 1.342798 -0.2080691 0.1401968 -0.06269813 -0.04099788 -0.9872857 98.73257
Camera: -0.08967587 1.343158 -0.2078608 0.1421 -0.06444056 -0.03991075 -0.9869459 98.78404
Camera: -0.08850822 1.343499 -0.2081482 0.1446177 -0.06699961 -0.03733413 -0.9865105 98.82757
Camera: -0.08808634 1.343574 -0.2080913 0.1454797 -0.06784891 -0.03664808 -0.9863514 98.86619
Camera: -0.08777842 1.343614 -0.2084841 0.1456296 -0.06849379 -0.03649117 -0.9862906 98.92248
Camera: -0.08743817 1.343121 -0.208805 0.1438174 -0.07108556 -0.03638096 -0.9863771 98.96436
Camera: -0.08719319 1.342909 -0.2088533 0.1433416 -0.07222293 -0.0367578 -0.9863498 99.00431
Camera: -0.08698592 1.343138 -0.2089521 0.1433388 -0.07309116 -0.03748471 -0.9862589 99.04192
Camera: -0.08678496 1.34327 -0.2087956 0.1444583 -0.07395611 -0.03671253 -0.9860601 99.09367
Camera: -0.08682948 1.343799 -0.2089276 0.1456243 -0.07370865 -0.03803624 -0.9858569 99.13549
Camera: -0.08711103 1.343848 -0.2088871 0.1461605 -0.07217027 -0.03740421 -0.9859156 99.17253
Camera: -0.08769247 1.343765 -0.209085 0.1465179 -0.07027531 -0.03707603 -0.9860118 99.2205
Camera: -0.08874279 1.344102 -0.20903 0.1476728 -0.0656324 -0.03730402 -0.9861509 99.26137
Camera: -0.0892427 1.343987 -0.2089922 0.1475759 -0.06331661 -0.03709465 -0.9863247 99.30435
Camera: -0.08951578 1.344111 -0.2087369 0.1476511 -0.06111323 -0.03755448 -0.9864351 99.36057
Camera: -0.09029439 1.343908 -0.2086151 0.1467203 -0.05826343 -0.03785188 -0.9867349 99.40345
Camera: -0.09045511 1.343858 -0.2083505 0.146261 -0.05706429 -0.03793523 -0.98687 99.4481
Camera: -0.09071532 1.34349 -0.2083274 0.1451788 -0.05535331 -0.03780819 -0.9871321 99.49431
Camera: -0.09181103 1.342528 -0.2076733 0.1406059 -0.04787007 -0.03769911 -0.9881889 99.53655
Camera: -0.09354684 1.341451 -0.2070047 0.1347918 -0.03630631 -0.03736918 -0.9895032 99.58399
Camera: -0.09896541 1.338224 -0.2054771 0.1175413 0.002185733 -0.02612057 -0.992722 99.6386
Camera: -0.1012128 1.338998 -0.204713 0.1201231 0.01636998 -0.01918374 -0.9924387 99.67713
Camera: -0.1028752 1.339117 -0.2036327 0.1212267 0.02719176 -0.01470937 -0.9921433 99.71777
Camera: -0.1048022 1.336864 -0.20253 0.1086965 0.04412263 -0.01618839 -0.9929633 99.76211
Camera: -0.1059539 1.335025 -0.2021881 0.09880643 0.05405308 -0.01502238 -0.993524 99.81339
Camera: -0.1077957 1.333413 -0.2019184 0.09070624 0.06427376 -0.01101926 -0.9937403 99.85127
Camera: -0.1107303 1.332651 -0.2005903 0.08618474 0.08107436 -0.005520208 -0.9929596 99.89191
Camera: -0.1117935 1.333234 -0.1999734 0.08938364 0.0844278 -0.004520824 -0.9924023 99.93702
Camera: -0.1123052 1.333088 -0.1991854 0.08937444 0.08521293 -0.005519062 -0.9923308 99.98647
Camera: -0.1130159 1.332955 -0.1980712 0.08717187 0.08623308 -0.00756124 -0.9924252 100.0319
Camera: -0.1134098 1.332719 -0.19796 0.08550014 0.0864258 -0.008581785 -0.9925455 100.086
Camera: -0.1140043 1.332608 -0.1976788 0.08534354 0.08657074 -0.009748746 -0.9925357 100.1287
Camera: -0.1141421 1.332381 -0.19768 0.08394074 0.08721979 -0.01088567 -0.9925866 100.1703
Camera: -0.1144566 1.332173 -0.1975902 0.08293602 0.08863517 -0.01165393 -0.992537 100.2339
Camera: -0.1157484 1.33165 -0.1983248 0.08109827 0.09334873 -0.01276499 -0.992243 100.2711
Camera: -0.1160365 1.33189 -0.1985303 0.08189991 0.09560093 -0.01328606 -0.9919558 100.3114
Camera: -0.1162699 1.332163 -0.1987233 0.08346242 0.09713676 -0.01250145 -0.9916865 100.3552
Camera: -0.1169719 1.332271 -0.1993454 0.08377352 0.0994397 -0.01281025 -0.9914281 100.406
Camera: -0.1171295 1.332054 -0.1994938 0.08344726 0.1000074 -0.01302351 -0.9913957 100.4475
Camera: -0.1174281 1.331842 -0.1995029 0.08162982 0.1015949 -0.01437291 -0.991367 100.5047
Camera: -0.1176888 1.33182 -0.1994063 0.08122928 0.102832 -0.01471439 -0.9912674 100.5483
Camera: -0.1183593 1.33115 -0.1992758 0.07880053 0.1055238 -0.0143726 -0.9911855 100.587
Camera: -0.1187712 1.330893 -0.1990242 0.07667013 0.1074644 -0.01455283 -0.9911414 100.642
Camera: -0.1192306 1.330565 -0.198719 0.07522441 0.1090262 -0.01405127 -0.9910889 100.6844
Camera: -0.1201403 1.329901 -0.1982398 0.07227908 0.1126676 -0.01502409 -0.9908866 100.7269
Camera: -0.1206791 1.329425 -0.1980465 0.07031991 0.1148707 -0.01493126 -0.990776 100.7818
Camera: -0.1216975 1.328408 -0.1972631 0.06588661 0.120023 -0.01412742 -0.9904816 100.8259
Noticed 101.2561
Facebook 123.6713
Camera: -0.07374981 1.343194 -0.2108033 0.156925 -0.1394783 -0.02414138 -0.9774137 123.6713
Camera: -0.07304037 1.342883 -0.2105295 0.156768 -0.1394 -0.02330505 -0.9774704 123.7133
Camera: -0.07269928 1.34306 -0.2102348 0.1565301 -0.1383933 -0.02275658 -0.9776644 123.7546
Camera: -0.07246414 1.342888 -0.2099799 0.155139 -0.1374673 -0.0219852 -0.9780344 123.8142
Camera: -0.07182673 1.342612 -0.209213 0.1537492 -0.135789 -0.01978963 -0.9785351 123.8624
Camera: -0.07123712 1.342195 -0.2086172 0.1510794 -0.1353326 -0.01926437 -0.9790245 123.9097
Camera: -0.07093713 1.34205 -0.2084535 0.1494213 -0.1357583 -0.01837285 -0.9792371 123.9649
Camera: -0.07098356 1.341935 -0.2080338 0.1487952 -0.1358102 -0.01807825 -0.9793308 124.0057
Camera: -0.07131866 1.341695 -0.2074495 0.1482539 -0.1345047 -0.0192046 -0.9795716 124.0525
Camera: -0.07152107 1.341955 -0.207196 0.1484839 -0.1334958 -0.01968827 -0.9796652 124.1048
Camera: -0.07198417 1.341664 -0.2065653 0.1464214 -0.1318081 -0.0205905 -0.9801854 124.147
Camera: -0.0721654 1.341474 -0.2065264 0.1461619 -0.1308806 -0.02046273 -0.9803511 124.1977
Camera: -0.07227144 1.341316 -0.2066308 0.1456668 -0.1295334 -0.02041157 -0.9806048 124.2391
Camera: -0.07273188 1.341548 -0.2067144 0.1456917 -0.1278277 -0.0186845 -0.9808593 124.2929
Camera: -0.07278091 1.341708 -0.2068724 0.1460551 -0.1270778 -0.01904124 -0.9808958 124.3335
Camera: -0.07285249 1.341855 -0.2070679 0.1473394 -0.1264375 -0.0193088 -0.9807813 124.3854
Camera: -0.07369688 1.342135 -0.2074446 0.1490004 -0.1237467 -0.01995438 -0.9808606 124.4255
Camera: -0.07381412 1.342212 -0.2075113 0.1498396 -0.1214732 -0.020191 -0.9810121 124.4786
Camera: -0.07480779 1.342273 -0.2077019 0.1511201 -0.11314 -0.01945741 -0.9818266 124.5136
Camera: -0.07549313 1.342668 -0.2076034 0.1529 -0.1078616 -0.01914803 -0.9821512 124.5526
Camera: -0.07655248 1.342777 -0.2076741 0.1542521 -0.101296 -0.0191609 -0.9826384 124.5958
Camera: -0.07863161 1.343225 -0.2077461 0.1560518 -0.08590893 -0.01751528 -0.9838499 124.654
Camera: -0.08001482 1.343564 -0.2081533 0.1568211 -0.07748909 -0.01556851 -0.9844593 124.6968
Camera: -0.08166078 1.344663 -0.2084912 0.1599732 -0.06851093 -0.01368361 -0.984646 124.7401
Camera: -0.08428672 1.343968 -0.2078083 0.1584427 -0.05046909 -0.01241728 -0.9859993 124.7873
Camera: -0.08620384 1.343832 -0.2082268 0.1580942 -0.04184947 -0.01179411 -0.9864663 124.8291
Camera: -0.0881319 1.343961 -0.2085537 0.1579943 -0.03293243 -0.01088068 -0.9868307 124.8654
Camera: -0.08986282 1.344203 -0.2083147 0.158601 -0.02436562 -0.009982166 -0.9869916 124.9195
Camera: -0.09421518 1.346403 -0.2076879 0.1650358 -0.004411292 -0.004837027 -0.9862658 124.963
Camera: -0.09663561 1.346699 -0.207637 0.1659896 0.007981476 -0.00235256 -0.9860924 125.0083
Camera: -0.1003769 1.347212 -0.2077863 0.1685286 0.02439384 -0.001687182 -0.9853934 125.0561
Camera: -0.1015762 1.346791 -0.2078654 0.1672296 0.02895642 -0.00335684 -0.985487 125.1128
Camera: -0.1029293 1.346753 -0.2086322 0.1669478 0.03235272 -0.007481455 -0.9854064 125.1556
Camera: -0.1033478 1.346651 -0.2088691 0.1663674 0.03148358 -0.008919486 -0.9855208 125.212
Camera: -0.1032523 1.346631 -0.2094427 0.1663637 0.02726231 -0.01074875 -0.9856289 125.2552
Camera: -0.1033017 1.346877 -0.209837 0.1680449 0.02550132 -0.01170004 -0.98538 125.3084
Camera: -0.1027384 1.347 -0.2105901 0.1695414 0.02281574 -0.01145816 -0.9851923 125.3514
Camera: -0.102595 1.347268 -0.2110809 0.1709077 0.02187232 -0.0111444 -0.9849812 125.4044
Camera: -0.1023449 1.34741 -0.2114912 0.1722308 0.02115816 -0.0113404 -0.9847641 125.4448
Camera: -0.1021252 1.347157 -0.2118742 0.1720197 0.02035403 -0.01179333 -0.9848126 125.4973
Camera: -0.1018374 1.347477 -0.2121288 0.1724283 0.0197516 -0.01277034 -0.9847413 125.5396
Camera: -0.1012766 1.347379 -0.2123659 0.173533 0.01949896 -0.01258463 -0.9845546 125.594
Camera: -0.101251 1.347468 -0.2125642 0.173859 0.01870352 -0.01227318 -0.9845164 125.6596
Camera: -0.1006525 1.348176 -0.2129328 0.1770274 0.01500931 -0.01268183 -0.9840097 125.6969
Camera: -0.1003379 1.348166 -0.2128256 0.1767107 0.01164635 -0.01253995 -0.9841141 125.7364
Camera: -0.09997612 1.348152 -0.2130752 0.1766192 0.007511111 -0.01375148 -0.9841546 125.7796
Camera: -0.0991199 1.348036 -0.2134255 0.1767748 -0.002958589 -0.01659591 -0.984107 125.8252
Camera: -0.09851336 1.34816 -0.2135346 0.1771888 -0.008760047 -0.01890625 -0.9839563 125.8766
Camera: -0.09747598 1.349058 -0.2134071 0.1814044 -0.02025752 -0.02431676 -0.9828992 125.9172
Camera: -0.0968594 1.349427 -0.2133157 0.1831427 -0.02588601 -0.02552296 -0.982414 125.9675
Camera: -0.09624535 1.349357 -0.2134928 0.1837914 -0.03089025 -0.02809102 -0.9820781 126.0079
Camera: -0.09517327 1.349268 -0.2136063 0.1841312 -0.03758294 -0.0294087 -0.9817425 126.0521
Camera: -0.09494233 1.349307 -0.2135378 0.1832444 -0.03893394 -0.02978224 -0.9818446 126.1126
Camera: -0.09489852 1.348946 -0.2137501 0.1818707 -0.0368996 -0.03032375 -0.9821619 126.1616
Camera: -0.09536389 1.348588 -0.213688 0.1806507 -0.032811 -0.03025257 -0.9825343 126.2078
Camera: -0.09601822 1.348827 -0.2134912 0.1816036 -0.0244602 -0.0281822 -0.9826636 126.259
Camera: -0.09622338 1.34892 -0.2134093 0.1822694 -0.02079713 -0.02734588 -0.9826483 126.3174
Camera: -0.09585699 1.349433 -0.2132091 0.1846209 -0.01704776 -0.02751421 -0.9822767 126.3597
Camera: -0.09583178 1.349555 -0.2131919 0.1849103 -0.01611155 -0.02744979 -0.9822399 126.4151
Camera: -0.09556106 1.349197 -0.2131857 0.1843519 -0.01493519 -0.0245989 -0.9824389 126.4558
Camera: -0.09530047 1.348798 -0.2130333 0.1827969 -0.01415808 -0.02402684 -0.9827551 126.5083
Camera: -0.0952782 1.348493 -0.2128543 0.1817653 -0.01230501 -0.02144168 -0.9830312 126.5499
Camera: -0.09519795 1.348633 -0.2126797 0.1815243 -0.01146792 -0.02067357 -0.9831023 126.6028
Camera: -0.09538224 1.348603 -0.2120554 0.1819104 -0.009299031 -0.01963854 -0.983075 126.6467
Camera: -0.09584174 1.348615 -0.2113253 0.1808766 -0.007453959 -0.02137924 -0.9832451 126.7099
Camera: -0.09605774 1.348232 -0.2111717 0.1796186 -0.00658178 -0.02119844 -0.9834859 126.7503
Camera: -0.09637162 1.348192 -0.2109127 0.1787057 -0.0064806 -0.02111599 -0.9836546 126.803
Camera: -0.09660307 1.347885 -0.2108077 0.1775054 -0.006765716 -0.02200912 -0.9838504 126.844
Camera: -0.09674501 1.347746 -0.210677 0.1767841 -0.007118918 -0.02224456 -0.9839725 126.8931
Camera: -0.09689447 1.347781 -0.2107095 0.177189 -0.007576467 -0.02268579 -0.9838862 126.9331
Camera: -0.09708309 1.347795 -0.2104526 0.1773115 -0.007662185 -0.02303127 -0.9838554 126.9776
Camera: -0.09761712 1.347477 -0.2101638 0.1752618 -0.007010483 -0.02362657 -0.9842134 127.0238
Camera: -0.09806094 1.347361 -0.2099114 0.1746295 -0.006354192 -0.02407381 -0.9843194 127.0645
Camera: -0.09847412 1.346846 -0.2097352 0.1725953 -0.005374542 -0.02487477 -0.984664 127.107
Camera: -0.09907991 1.345128 -0.2088629 0.1629847 -0.003110108 -0.02562492 -0.9862909 127.1541
Camera: -0.09953266 1.344549 -0.2079504 0.1574127 -0.0009011726 -0.02867276 -0.9871162 127.1935
Camera: -0.1002114 1.343689 -0.207185 0.1535071 0.002309589 -0.03006035 -0.9876876 127.2358
Camera: -0.1012065 1.342238 -0.2046425 0.145362 0.008986834 -0.03040763 -0.9888703 127.2739
Camera: -0.1014678 1.340644 -0.2029309 0.1369897 0.01258695 -0.02883918 -0.9900727 127.334
Camera: -0.1016777 1.334848 -0.1995179 0.1057413 0.01778346 -0.02142913 -0.9940037 127.3794
Camera: -0.1017272 1.330021 -0.1984681 0.08067926 0.02111928 -0.01625413 -0.9963838 127.4251
Camera: -0.1015895 1.325649 -0.1974279 0.05581345 0.02313974 -0.008907389 -0.9981334 127.4827
Camera: -0.1013803 1.322794 -0.194662 0.04180801 0.02992374 -0.0003794423 -0.9986774 127.5302
Camera: -0.100899 1.321249 -0.1930847 0.03490729 0.03199059 0.00241397 -0.9988755 127.5851
Camera: -0.1008056 1.318826 -0.1917933 0.02225908 0.03658473 0.002012424 -0.9990806 127.6266
Camera: -0.10063 1.317605 -0.1913777 0.01496619 0.03871653 0.002674578 -0.9991346 127.6681
Camera: -0.1004424 1.316514 -0.1908072 0.01031156 0.04001733 0.003245821 -0.9991405 127.7212
Camera: -0.1001018 1.316359 -0.1896348 0.009418121 0.04002643 0.004527911 -0.999144 127.7652
Camera: -0.09981415 1.316438 -0.1893678 0.01027552 0.03932126 0.004685936 -0.9991628 127.8178
Camera: -0.09923956 1.316429 -0.1892681 0.009278851 0.03503465 0.004656201 -0.9993322 127.8588
Camera: -0.09918058 1.316389 -0.1896991 0.009107698 0.03334498 0.003687302 -0.9993956 127.9117
Camera: -0.09938487 1.316815 -0.19017 0.01071843 0.03183993 0.002519058 -0.9994324 127.953
Camera: -0.09958941 1.317036 -0.1906024 0.01178904 0.03200976 0.001420141 -0.999417 128.0049
Camera: -0.1003227 1.316754 -0.1914316 0.01056664 0.03443965 0.0002769249 -0.999351 128.0426
Camera: -0.100677 1.31652 -0.1916766 0.00989642 0.03589491 -0.0004597023 -0.9993065 128.0834
Camera: -0.1009781 1.316417 -0.1918467 0.00965242 0.03727771 -0.002167441 -0.999256 128.1306
Camera: -0.100839 1.316538 -0.1920591 0.01004601 0.03744764 -0.004788059 -0.9992366 128.1771
Camera: -0.1014155 1.317025 -0.1923018 0.01300215 0.03770389 -0.006804828 -0.9991813 128.2166
Camera: -0.1014296 1.31749 -0.1921377 0.01410589 0.03777938 -0.0070147 -0.999162 128.262
Camera: -0.1017917 1.317453 -0.1924908 0.01421737 0.03763261 -0.0066744 -0.9991682 128.3095
Camera: -0.1019665 1.317395 -0.1923821 0.01359585 0.03743389 -0.006271232 -0.9991869 128.3494
Camera: -0.1019601 1.317254 -0.1921446 0.01296192 0.03680158 -0.006188382 -0.9992194 128.3927
Camera: -0.1020398 1.317225 -0.1922903 0.01262353 0.03611387 -0.006599315 -0.9992461 128.442
Camera: -0.1018429 1.317111 -0.1921898 0.01299622 0.03441552 -0.008792583 -0.9992844 128.4867
Camera: -0.1017234 1.317239 -0.1920132 0.01332998 0.03359224 -0.008947522 -0.9993067 128.5298
Camera: -0.1017209 1.317441 -0.1922333 0.01414092 0.03297975 -0.01012039 -0.9993048 128.5848
Camera: -0.1016543 1.317733 -0.192351 0.01625663 0.03175491 -0.01211155 -0.9992902 128.6308
Camera: -0.1017314 1.31806 -0.1927056 0.01840182 0.03075201 -0.01320023 -0.9992705 128.6779
Camera: -0.1010307 1.319095 -0.1931453 0.02288341 0.02681541 -0.01597552 -0.9992508 128.7341
Camera: -0.1007405 1.321492 -0.1937242 0.03494595 0.01942564 -0.0190084 -0.9990196 128.7769
Camera: -0.0997307 1.324299 -0.1937009 0.047753 0.01208529 -0.02112819 -0.9985626 128.8277
Camera: -0.09800079 1.32738 -0.1942549 0.06226119 -0.001255557 -0.02502974 -0.9977453 128.8686
Camera: -0.0946689 1.331315 -0.1960198 0.08067916 -0.02682789 -0.0319314 -0.9958673 128.9146
Camera: -0.09351248 1.333043 -0.1970694 0.08842279 -0.03748203 -0.03382453 -0.9948027 128.9654
Camera: -0.09260926 1.334827 -0.198234 0.09768934 -0.04603893 -0.03508959 -0.9935321 129.0062
Camera: -0.09061423 1.337714 -0.2002971 0.1140519 -0.06177717 -0.0377548 -0.9908332 129.0596
Camera: -0.08998868 1.339069 -0.2013711 0.1210342 -0.06774005 -0.03921383 -0.9895576 129.1006
Camera: -0.08948293 1.340107 -0.2022563 0.1279667 -0.07248212 -0.0400553 -0.988315 129.1514
Camera: -0.08903342 1.341399 -0.2039696 0.1356718 -0.07807888 -0.04188477 -0.986784 129.1914
Camera: -0.08896571 1.342026 -0.2044435 0.1389256 -0.07910126 -0.04288695 -0.9862066 129.2415
Camera: -0.08907208 1.34197 -0.20574 0.1414023 -0.07951324 -0.04480854 -0.9857359 129.2819
Camera: -0.0888837 1.342176 -0.2059909 0.1436741 -0.07983132 -0.04583763 -0.9853343 129.3258
Camera: -0.08889952 1.342256 -0.2062588 0.1444016 -0.0800112 -0.04627666 -0.9851928 129.3756
Camera: -0.08873007 1.342687 -0.2064984 0.1457728 -0.07988142 -0.04626706 -0.9850019 129.4154
Camera: -0.08901045 1.342962 -0.2065863 0.1469858 -0.07947505 -0.04555389 -0.9848877 129.459
Camera: -0.08912545 1.342947 -0.2066235 0.147847 -0.07926776 -0.04564389 -0.9847713 129.5054
Camera: -0.08942705 1.343039 -0.2065246 0.1484411 -0.07868606 -0.04520758 -0.9847487 129.5463
Camera: -0.08965051 1.343239 -0.2065627 0.1488263 -0.07806323 -0.04583586 -0.9847111 129.5895
Camera: -0.0899156 1.343127 -0.2063 0.1485292 -0.07748038 -0.0461682 -0.9847865 129.6302
Camera: -0.09009933 1.34325 -0.2059283 0.1480409 -0.07757821 -0.04675069 -0.9848248 129.6791
Camera: -0.09059504 1.343093 -0.2058139 0.1484543 -0.07709296 -0.04779968 -0.9847503 129.7417
Camera: -0.09074745 1.34306 -0.2054074 0.1485458 -0.07701498 -0.04873379 -0.9846969 129.784
Camera: -0.09072748 1.343212 -0.2051917 0.148774 -0.07704476 -0.04896396 -0.9846486 129.83
Camera: -0.09064129 1.343124 -0.2049784 0.148155 -0.0771237 -0.04841017 -0.9847632 129.8872
Camera: -0.09052977 1.342904 -0.2045891 0.1465696 -0.07700612 -0.04882459 -0.9849891 129.9306
Camera: -0.09109765 1.342619 -0.2047359 0.1461626 -0.07690471 -0.04850276 -0.9850735 129.9823
Camera: -0.09112608 1.342636 -0.2046899 0.1460997 -0.07617706 -0.049399 -0.9850947 130.0239
Camera: -0.09149486 1.342695 -0.2046043 0.1464744 -0.07533963 -0.04938939 -0.985104 130.068
Camera: -0.0919047 1.34298 -0.2044561 0.1479326 -0.0713212 -0.0491379 -0.9851978 130.1188
Camera: -0.09237453 1.343056 -0.2043367 0.1481722 -0.06953982 -0.04867082 -0.9853124 130.1598
Camera: -0.09271649 1.343145 -0.2043032 0.1489207 -0.06733271 -0.04857448 -0.9853575 130.2119
Camera: -0.09348601 1.343402 -0.2046179 0.1495258 -0.06344542 -0.04825309 -0.9855397 130.2525
Camera: -0.09395126 1.343361 -0.2047677 0.1498915 -0.06162935 -0.04870045 -0.9855773 130.3048
Camera: -0.09458056 1.34369 -0.2050833 0.1515303 -0.05775384 -0.04879677 -0.9855567 130.3475
Camera: -0.09502211 1.343476 -0.2052827 0.1508484 -0.05577353 -0.04875221 -0.9857775 130.3964
Camera: -0.09563383 1.343205 -0.2055034 0.1492572 -0.05370673 -0.04817723 -0.9861627 130.4363
Camera: -0.09762952 1.340376 -0.2049905 0.1352828 -0.04439193 -0.04885837 -0.9886056 130.4804
Camera: -0.09936979 1.33628 -0.2043227 0.1142562 -0.03338428 -0.0484359 -0.9917081 130.5267
Camera: -0.101224 1.330881 -0.2029547 0.08589963 -0.02038802 -0.0439022 -0.9951273 130.5694
Camera: -0.1045724 1.326908 -0.1989207 0.06350692 0.0008121902 -0.03265034 -0.9974468 130.6151
Camera: -0.1063384 1.328674 -0.1959589 0.06776598 0.01242717 -0.03144203 -0.9971282 130.6629
Camera: -0.1080902 1.328498 -0.1927723 0.0676548 0.02307146 -0.03236697 -0.9969167 130.7029
Camera: -0.1080775 1.326968 -0.1866967 0.05951093 0.02522989 -0.03057096 -0.9974404 130.754
Camera: -0.1072318 1.326423 -0.1839861 0.05507861 0.02278933 -0.03118323 -0.9977348 130.7957
Camera: -0.1065049 1.325752 -0.1818851 0.05137579 0.01881942 -0.02993236 -0.9980533 130.8348
Camera: -0.1046834 1.324255 -0.1795629 0.04381183 0.01019825 -0.02786966 -0.9985989 130.878
Camera: -0.104113 1.324144 -0.1796012 0.04482496 0.006701806 -0.02795246 -0.9985812 130.9323
Camera: -0.1032691 1.328006 -0.1817292 0.06139022 0.0001592211 -0.0305369 -0.9976466 130.9792
Camera: -0.1025194 1.331143 -0.183111 0.07624546 -0.003379438 -0.03298393 -0.9965377 131.0206
Camera: -0.1019804 1.332657 -0.1852332 0.08467979 -0.006010395 -0.03511739 -0.9957711 131.0827
Camera: -0.1008419 1.334964 -0.189283 0.09907438 -0.01003763 -0.03793053 -0.9943061 131.1257
Camera: -0.09949696 1.336836 -0.1908673 0.1041458 -0.01138811 -0.03506953 -0.9938783 131.1694
Noticed 131.4112
Ins 155.6608
Camera: -0.09983727 1.30883 -0.1769824 -0.03341437 -0.004679886 -0.008900944 -0.9993911 155.6608
Camera: -0.1012646 1.319432 -0.1828245 0.01295018 0.008638861 -0.003651581 -0.9998721 155.704
Camera: -0.1016937 1.322214 -0.1867546 0.02719932 0.01451798 -0.00196747 -0.9995227 155.7451
Camera: -0.1019106 1.325034 -0.1904438 0.04117488 0.02029425 -0.000800633 -0.9989455 155.7827
Camera: -0.1026335 1.331125 -0.1970706 0.07730968 0.03399716 0.006331516 -0.9964072 155.844
Camera: -0.103396 1.335087 -0.2001066 0.09707696 0.04522114 0.01431007 -0.994146 155.8874
Camera: -0.1042905 1.338782 -0.20299 0.1147594 0.05772879 0.0202371 -0.991508 155.9266
Camera: -0.1051517 1.343337 -0.2082721 0.1393911 0.07604203 0.02792099 -0.9869185 155.9819
Camera: -0.1054349 1.344864 -0.2101503 0.1483431 0.08245649 0.02818366 -0.9850893 156.0248
Camera: -0.1058241 1.345966 -0.2133425 0.1596185 0.09050068 0.02578023 -0.9826835 156.0667
Camera: -0.1059075 1.346087 -0.2148326 0.1615823 0.09237164 0.02465096 -0.9822174 156.1163
Camera: -0.1056886 1.346302 -0.2157896 0.1625366 0.0933443 0.02346325 -0.981997 156.1663
Camera: -0.1066637 1.345518 -0.217244 0.1614834 0.09279929 0.02291816 -0.9822353 156.2124
Camera: -0.1065098 1.345377 -0.2176983 0.1609454 0.09209707 0.02164814 -0.9824185 156.2675
Camera: -0.1069775 1.34559 -0.2178982 0.16245 0.08915703 0.01923211 -0.9824923 156.3162
Camera: -0.1070284 1.345767 -0.2175604 0.1629676 0.08820885 0.01885628 -0.9824995 156.3638
Camera: -0.1080127 1.34564 -0.2174979 0.1618855 0.08721155 0.01803002 -0.9827828 156.406
Camera: -0.1085812 1.345439 -0.2171114 0.1610031 0.08800101 0.01744769 -0.982868 156.4663
Camera: -0.1099894 1.344693 -0.2159538 0.1563023 0.08985814 0.01637529 -0.9834771 156.51
Camera: -0.1099903 1.343999 -0.2159699 0.1542547 0.09084171 0.01583272 -0.9837188 156.5524
Camera: -0.1111085 1.343402 -0.215165 0.1519761 0.09185174 0.01549411 -0.983985 156.5904
Camera: -0.1130656 1.343262 -0.2135474 0.1481872 0.09314038 0.01350747 -0.9844709 156.6461
Camera: -0.1134721 1.343182 -0.2129231 0.1466548 0.09374916 0.01224278 -0.9846591 156.6865
Camera: -0.1140027 1.342669 -0.2123205 0.1447256 0.09399885 0.01112524 -0.984934 156.7324
Camera: -0.1148331 1.342398 -0.2107691 0.1420815 0.09457448 0.009589726 -0.98528 156.7832
Camera: -0.1153795 1.342018 -0.2101497 0.1402014 0.09467851 0.009434688 -0.9855407 156.8251
Camera: -0.1159441 1.341427 -0.2090052 0.1364676 0.09478804 0.009262717 -0.9860558 156.8786
Camera: -0.116213 1.341032 -0.208369 0.1343269 0.0945297 0.009133529 -0.9863757 156.9158
Camera: -0.1163225 1.340791 -0.207905 0.1334563 0.09434995 0.008769346 -0.9865144 156.9562
Camera: -0.1164539 1.340497 -0.2069881 0.1303805 0.09387307 0.008261329 -0.9869755 156.9997
Camera: -0.1164733 1.340132 -0.2067194 0.1295569 0.09371267 0.008563466 -0.9870966 157.0489
Camera: -0.1165205 1.339945 -0.2062699 0.1290735 0.09420832 0.008880579 -0.9871099 157.0907
Camera: -0.1160206 1.33954 -0.2050511 0.1258903 0.09198632 0.01012765 -0.9877183 157.1407
Camera: -0.1160702 1.339318 -0.2034549 0.1220277 0.09034205 0.01006784 -0.9883553 157.2001
Camera: -0.1158389 1.339137 -0.2027764 0.1204237 0.08939411 0.01025163 -0.9886363 157.2427
Camera: -0.115401 1.338646 -0.2020111 0.1180533 0.08800152 0.01010815 -0.9890486 157.2881
Camera: -0.1148627 1.337732 -0.2014287 0.1139956 0.08589109 0.01013863 -0.9897095 157.3352
Camera: -0.1123784 1.333801 -0.1997525 0.09749813 0.0741018 0.01245004 -0.9923952 157.3763
Camera: -0.1102202 1.330245 -0.1986703 0.07998503 0.06021244 0.01087402 -0.9949164 157.4337
Camera: -0.1052076 1.324095 -0.1950836 0.04883655 0.02770043 0.008598646 -0.9983855 157.4771
Camera: -0.1020076 1.321076 -0.19366 0.0367027 0.01088643 0.005904373 -0.9992496 157.518
Camera: -0.09978867 1.319746 -0.190696 0.02287052 -0.004296969 0.004999814 -0.9997167 157.5712
Camera: -0.09497964 1.313795 -0.1878975 -0.01022352 -0.03149764 0.005581253 -0.999436 157.6118
Camera: -0.0930458 1.311098 -0.1868278 -0.02228613 -0.04084297 0.004693548 -0.998906 157.6562
Camera: -0.08962637 1.309198 -0.1843375 -0.03189252 -0.05182767 0.003845711 -0.9981393 157.7058
Camera: -0.08867505 1.308366 -0.1832625 -0.03518923 -0.05426547 0.005501922 -0.9978911 157.7494
Camera: -0.08803102 1.307663 -0.1824001 -0.03747478 -0.05440665 0.007310496 -0.9977886 157.7963
Camera: -0.08698517 1.305988 -0.1814412 -0.04517356 -0.05419333 0.01217437 -0.9974338 157.852
Camera: -0.08655348 1.305179 -0.1815172 -0.0491447 -0.05425899 0.01361864 -0.9972239 157.899
Camera: -0.08620995 1.304623 -0.1811907 -0.05022374 -0.05225276 0.01352443 -0.9972785 157.9499
Camera: -0.08628479 1.304661 -0.1814264 -0.05040119 -0.05094023 0.01390095 -0.9973323 157.9927
Camera: -0.08663484 1.304579 -0.1818704 -0.05034925 -0.04842011 0.01433285 -0.9974543 158.0469
Camera: -0.0868046 1.304951 -0.1818221 -0.05016751 -0.04730288 0.01451328 -0.9975144 158.0848
Camera: -0.0870128 1.304927 -0.1820597 -0.05029618 -0.0462828 0.01527001 -0.9975446 158.1262
Camera: -0.0879249 1.304779 -0.1822719 -0.05086919 -0.04250034 0.01480358 -0.9976908 158.171
Camera: -0.08928254 1.304925 -0.1819117 -0.04908533 -0.037317 0.0146899 -0.9979891 158.2321
Camera: -0.09051415 1.305466 -0.1819047 -0.04797542 -0.03331948 0.01389991 -0.9981959 158.275
Camera: -0.09146467 1.305854 -0.1818512 -0.0465113 -0.02819516 0.01278456 -0.9984379 158.3335
Camera: -0.09312007 1.306634 -0.1818374 -0.04271675 -0.01879046 0.01227543 -0.9988351 158.3815
Camera: -0.09416908 1.307421 -0.1820521 -0.03918582 -0.01356809 0.01085514 -0.9990809 158.425
Camera: -0.09620127 1.309435 -0.1823855 -0.02993739 -0.001831461 0.009421893 -0.9995057 158.4803
Camera: -0.09777886 1.310659 -0.1827963 -0.02407558 0.005151685 0.009437776 -0.9996523 158.5219
Camera: -0.1006214 1.313167 -0.1833373 -0.0122022 0.02056458 0.01102895 -0.9996532 158.5648
Camera: -0.1020696 1.314182 -0.1838754 -0.007613473 0.02776847 0.01246238 -0.9995078 158.6187
Camera: -0.103318 1.315062 -0.1843808 -0.003686049 0.0336764 0.0127498 -0.9993447 158.6633
Camera: -0.1060055 1.316465 -0.1849758 0.002961438 0.0449408 0.01161043 -0.9989178 158.7072
Camera: -0.1067687 1.317451 -0.185516 0.006133819 0.05002057 0.01114205 -0.9986672 158.76
Camera: -0.1093636 1.319525 -0.1862058 0.01542783 0.06088987 0.009733362 -0.9979778 158.8029
Camera: -0.1106595 1.320551 -0.1860642 0.02124684 0.0671023 0.01013283 -0.9974684 158.8577
Camera: -0.1136006 1.321992 -0.1866697 0.030338 0.07755974 0.009808609 -0.9964777 158.8974
Camera: -0.1148744 1.322808 -0.1878155 0.03360043 0.08250785 0.008347512 -0.9959888 158.94
Camera: -0.1157329 1.323351 -0.1887427 0.03645639 0.0867321 0.007422957 -0.9955367 158.987
Camera: -0.1166157 1.323675 -0.189729 0.03847191 0.09058459 0.006143375 -0.9951264 159.0391
Camera: -0.1181646 1.324559 -0.1905492 0.04333089 0.09743392 0.003109352 -0.9942935 159.0818
Camera: -0.1189225 1.325001 -0.1916158 0.04574786 0.09985349 0.002760165 -0.9939461 159.1356
Camera: -0.1197234 1.325949 -0.1924935 0.05099178 0.1032818 0.002373249 -0.9933414 159.1805
Camera: -0.1199957 1.326196 -0.1932219 0.0526535 0.1039412 0.002154188 -0.9931864 159.2399
Camera: -0.1199342 1.326081 -0.1936024 0.05220303 0.1036573 0.001760948 -0.9932407 159.2778
Camera: -0.1196854 1.325929 -0.1938921 0.05211422 0.1030925 0.001558172 -0.9933044 159.3187
Camera: -0.1196514 1.325742 -0.1939469 0.05136808 0.1026856 0.001350136 -0.9933857 159.3627
Camera: -0.1191172 1.326039 -0.1936312 0.05165655 0.101493 0.002587636 -0.9934909 159.4104
Camera: -0.1188786 1.325866 -0.1933598 0.05059816 0.1008828 0.002522971 -0.9936076 159.452
Camera: -0.1185885 1.325548 -0.1931293 0.04951944 0.1003163 0.002916293 -0.9937183 159.5067
Camera: -0.1184184 1.324522 -0.1925597 0.04569372 0.09935493 0.002417227 -0.9939994 159.5582
Camera: -0.1179943 1.32326 -0.1918587 0.03782944 0.09740771 0.0009858739 -0.9945249 159.5975
Camera: -0.1180001 1.321974 -0.1912465 0.03240652 0.09710468 0.001335018 -0.9947456 159.6497
Camera: -0.1180408 1.320331 -0.1909384 0.02484034 0.09632767 0.001202529 -0.995039 159.6932
Camera: -0.1178838 1.315802 -0.1895576 0.002338696 0.09358542 0.0002631552 -0.9956084 159.7351
Camera: -0.1177786 1.314429 -0.1883918 -0.004757096 0.09340994 -0.001377332 -0.9956154 159.7902
Camera: -0.1182431 1.312094 -0.1866976 -0.01582246 0.09204785 -0.0009832351 -0.9956284 159.8365
Camera: -0.1183771 1.311181 -0.1856539 -0.02017548 0.09163243 -0.00113813 -0.9955878 159.8813
Camera: -0.1184178 1.310214 -0.1848092 -0.02453917 0.09051365 -0.001299288 -0.995592 159.9332
Camera: -0.1181618 1.309183 -0.1830897 -0.02938255 0.0896343 -0.0005439469 -0.9955411 159.9758
Camera: -0.1179505 1.308974 -0.1825407 -0.0313162 0.08931351 -2.421283E-05 -0.9955112 160.0278
Camera: -0.1176012 1.308124 -0.1820064 -0.03543627 0.08888585 0.003404602 -0.9954054 160.0733
Camera: -0.1173958 1.307866 -0.1821323 -0.03679684 0.08897452 0.004401452 -0.9953443 160.1315
Camera: -0.1171466 1.307917 -0.1825785 -0.03650305 0.08912782 0.005678391 -0.9953349 160.1748
Camera: -0.1167834 1.308413 -0.1825583 -0.03554632 0.08953645 0.005260849 -0.9953351 160.2224
Camera: -0.1174538 1.308892 -0.1837021 -0.03268234 0.09025043 0.004718045 -0.9953716 160.2845
Camera: -0.1174599 1.309045 -0.1840239 -0.03199895 0.09035388 0.004172321 -0.9953868 160.3344
Camera: -0.1172652 1.309299 -0.1850659 -0.03045969 0.09019824 0.003886832 -0.9954504 160.3862
Camera: -0.1171286 1.309263 -0.1852101 -0.03018215 0.08991069 0.003768422 -0.9954853 160.4242
Camera: -0.1171724 1.309381 -0.1857113 -0.02942693 0.08975863 0.003907512 -0.9955211 160.4668
Camera: -0.1170242 1.309455 -0.1858326 -0.02905698 0.08989418 0.004212015 -0.9955184 160.5124
Camera: -0.1168393 1.309484 -0.1857493 -0.02934857 0.0895594 0.004294151 -0.9955397 160.5603
Camera: -0.1168064 1.309482 -0.1857782 -0.02917297 0.08928125 0.004134473 -0.9955706 160.6024
Camera: -0.1168762 1.30959 -0.1857527 -0.02962975 0.08922071 0.003787949 -0.9955639 160.652
Camera: -0.1171829 1.309924 -0.1856768 -0.02698137 0.09014505 0.004598359 -0.9955525 160.7049
Camera: -0.1174345 1.310585 -0.1857463 -0.02389776 0.09152634 0.004242203 -0.9955068 160.752
Camera: -0.1175685 1.311278 -0.1858331 -0.0202401 0.09317875 0.004022453 -0.9954355 160.8
Camera: -0.1176973 1.313035 -0.1862461 -0.01367973 0.09646 0.004092721 -0.9952344 160.8502
Camera: -0.1179793 1.31384 -0.1869409 -0.009358875 0.09855992 0.004102355 -0.9950787 160.8974
Camera: -0.1182165 1.315691 -0.1882853 -0.0007176523 0.1021736 0.004731453 -0.994755 160.9515
Camera: -0.1186636 1.31657 -0.1892232 0.004222805 0.1039498 0.00391084 -0.9945659 160.996
Camera: -0.1193757 1.318321 -0.1908365 0.01224292 0.107898 0.003491538 -0.9940804 161.0415
Camera: -0.1196533 1.318912 -0.1915845 0.01551171 0.1089747 0.004144575 -0.9939148 161.0945
Camera: -0.1204158 1.320042 -0.1927973 0.02219395 0.1117015 0.004119178 -0.9934854 161.1367
Camera: -0.1207769 1.320701 -0.1932939 0.02555798 0.1131023 0.003843003 -0.9932472 161.1913
Camera: -0.121776 1.321635 -0.1944946 0.03091541 0.1153662 0.002058766 -0.9928397 161.2296
Camera: -0.1220798 1.321947 -0.195039 0.0324549 0.1166569 0.001131166 -0.9926412 161.2863
Camera: -0.122577 1.322526 -0.1952851 0.03545405 0.1186459 0.0008496183 -0.9923031 161.3305
Camera: -0.1229608 1.322322 -0.1956862 0.03613223 0.119839 -0.0001353826 -0.9921356 161.3855
Camera: -0.1232302 1.322478 -0.1960555 0.03657639 0.1205974 -0.0004075915 -0.9920274 161.4259
Camera: -0.1233931 1.322852 -0.1964053 0.03867798 0.121437 -0.001380846 -0.9918444 161.479
Camera: -0.123453 1.32298 -0.1966037 0.03932429 0.1211897 -0.001673071 -0.9918487 161.5199
Camera: -0.1232661 1.323169 -0.1966382 0.04052693 0.1209554 -0.001005895 -0.9918298 161.5728
Camera: -0.1228039 1.323522 -0.1966853 0.04190619 0.1202504 -0.001285753 -0.9918579 161.6109
Camera: -0.1226228 1.32355 -0.1967984 0.04250937 0.1202231 -0.001434501 -0.9918354 161.6516
Camera: -0.1222939 1.323838 -0.1968737 0.04373828 0.1212235 -0.000559691 -0.991661 161.6975
Camera: -0.1224193 1.324072 -0.1972454 0.04522621 0.1224213 -0.0003650545 -0.9914472 161.7456
Noticed 162.1346
